-0.13671875

-3.544921875

-3.544921875

-3.5546875

-0.146484375

-0.13671875

-3.544921875

-3.544921875

-0.13671875

-0.13671875

-3.544921875

-3.544921875

-0.146484375

-0.13671875

-0.13671875

-3.5546875

-3.544921875

-0.13671875

-0.13671875

-3.544921875

-3.544921875

-0.146484375

-0.146484375

-3.5546875

-3.544921875

-0.146484375

-0.13671875

-0.13671875

-3.544921875

-3.544921875

-0.146484375

-0.13671875

-3.544921875

-3.544921875

-0.146484375

-0.146484375

-3.544921875

-3.544921875

-3.544921875

-0.146484375

-0.146484375

-3.544921875

-3.544921875

-0.146484375

-0.13671875

-3.544921875

-3.544921875

-0.13671875

-0.13671875

-3.544921875

-3.544921875

-3.544921875

-0.13671875

-0.146484375

-3.544921875

-3.544921875

-0.13671875

-0.13671875

-3.544921875

-3.544921875

-0.13671875

-0.146484375

-3.544921875

-3.544921875

-3.544921875

-0.146484375

-0.13671875

-3.544921875

-3.544921875

-0.13671875

-0.13671875

-3.544921875

-3.544921875

-0.13671875

-0.146484375

-0.146484375

-3.5546875