0.048828125
0.0390625
0.01953125
-0.0146484375
-0.0439453125
-0.0634765625
-0.0537109375
-0.0341796875
0
0.029296875
0.0390625
0.0390625
0.01953125
-0.0146484375
-0.0439453125
-0.0634765625
-0.0537109375
-0.0341796875
0
0.029296875
0.0390625
0.0390625
0.01953125
-0.0146484375
-0.0439453125
-0.0537109375
-0.0537109375
-0.0341796875
0
0.029296875
0.048828125
0.0390625
0.01953125
-0.0146484375
-0.0537109375
-0.0634765625
-0.0537109375
-0.0341796875
0
0.029296875
0.0390625
0.0390625
0.01953125
-0.0244140625
-0.0439453125
-0.0537109375
-0.0537109375
-0.0341796875
0.009765625
0.0390625
0.0390625
0.0390625
0.009765625
-0.0244140625
-0.0537109375
-0.0634765625
-0.0537109375
-0.0244140625
0.009765625
0.0390625
0.048828125
0.0390625
0.009765625
-0.0244140625
-0.0537109375
-0.0634765625
-0.0537109375
-0.0244140625
0.009765625
0.0390625
0.048828125
0.0390625
0.009765625
-0.0244140625
-0.0537109375
-0.0634765625
-0.0537109375
-0.0244140625
0.009765625
0.0390625
0.048828125
0.0390625
0.009765625
-0.0244140625
-0.0537109375
-0.0634765625
-0.0537109375
-0.0244140625
0.009765625
0.0390625
0.048828125
0.0390625
0.009765625
-0.0341796875
-0.0537109375
-0.0634765625
-0.0537109375
-0.0244140625
0.009765625
0.0390625
0.048828125
0.0390625
0.009765625
-0.0341796875
-0.0537109375
-0.0634765625
-0.0439453125
-0.0146484375
0.01953125
0.0390625
0.048828125
0.0390625
0
-0.0341796875
-0.0537109375
-0.0634765625
-0.0439453125
-0.0146484375
0.01953125
0.0390625
0.0390625
0.029296875
0
-0.0341796875
-0.0537109375
-0.0634765625
-0.0439453125
-0.0146484375
0.01953125
0.0390625
0.048828125
0.029296875
0
-0.0341796875
-0.0537109375
-0.0634765625
-0.0439453125
-0.0146484375
0.01953125
0.0390625
0.048828125
0.029296875
0
-0.0439453125
-0.0537109375
-0.0634765625
-0.0439453125
-0.0146484375
0.01953125
0.0390625
0.048828125
0.029296875
0
-0.0439453125
-0.0634765625
-0.0634765625
-0.0439453125
-0.0146484375
0.01953125
0.0390625
0.0390625
0.029296875
0
-0.0439453125
-0.0537109375
-0.0537109375
-0.0439453125
-0.0146484375
0.029296875
0.048828125
0.048828125
0.029296875
0
-0.0439453125
-0.0537109375
-0.0634765625
-0.0439453125
0
0.029296875
0.0390625
0.0390625
0.01953125
-0.0146484375
-0.0439453125
-0.0537109375
-0.0634765625
-0.0439453125
0
0.029296875
0.0390625
0.0390625
0.029296875
0
-0.0439453125
-0.0634765625
-0.0537109375
-0.0439453125
0
0.029296875
0.048828125
0.0390625
0.01953125
-0.0146484375
-0.0439453125
-0.0634765625
-0.0537109375
-0.0341796875
0
0.029296875
0.048828125
0.0390625
0.01953125
-0.0146484375
-0.0439453125
-0.0634765625
-0.0537109375
-0.0341796875
0
0.029296875
0.048828125
0.0390625
0.01953125
-0.0146484375
-0.0439453125
-0.0634765625
-0.0537109375
-0.0341796875
0
0.029296875
0.0390625
0.0390625
0.01953125
-0.0146484375
-0.0439453125
-0.0634765625
-0.0537109375
-0.0341796875
0
0.029296875
0.048828125
0.0390625
0.01953125
-0.0244140625
-0.0439453125
-0.0634765625
-0.0537109375
-0.0341796875
0
0.029296875
0.048828125
0.0390625
0.009765625
-0.0244140625
-0.0537109375
-0.0634765625
-0.0537109375
