2.734375
0.8642578125
-1.875
-2.9296875
-1.4453125
1.3134765625
2.7978515625
1.7626953125
-1.005859375
-2.8662109375
-2.2509765625
0.3857421875
2.587890625
2.4560546875
-0.0146484375
-2.509765625
-2.783203125
-0.6103515625
2.0458984375
2.7783203125
0.9716796875
-1.8212890625
-2.96875
-1.5478515625
1.25
2.8173828125
1.8701171875
-0.9130859375
-2.8662109375
-2.34375
0.2880859375
2.568359375
2.5146484375
0.0927734375
-2.48046875
-2.8369140625
-0.712890625
1.9921875
2.8173828125
1.07421875
-1.7578125
-3.0029296875
-1.6455078125
1.1669921875
2.83203125
1.953125
-0.830078125
-2.8662109375
-2.4169921875
0.1953125
2.548828125
2.578125
0.1953125
-2.4267578125
-2.8759765625
-0.8154296875
1.93359375
2.8515625
1.1669921875
-1.6748046875
-3.0224609375
-1.748046875
1.083984375
2.83203125
2.0556640625
-0.72265625
-2.8662109375
-2.509765625
0.0927734375
2.5390625
2.6611328125
0.2880859375
-2.3974609375
-2.94921875
-0.9228515625
1.8896484375
2.9150390625
1.2939453125
-1.611328125
-3.06640625
-1.865234375
1.0009765625
2.87109375
2.1728515625
-0.6298828125
-2.8857421875
-2.6171875
-0.0146484375
2.5146484375
2.734375
0.3955078125
-2.36328125
-3.0126953125
-1.03515625
1.8359375
2.9638671875
1.40625
-1.5380859375
-3.095703125
-1.9775390625
0.91796875
2.880859375
2.265625
-0.52734375
-2.8857421875
-2.7001953125
-0.1171875
2.4951171875
2.8076171875
0.5078125
-2.32421875
-3.06640625
-1.142578125
1.7626953125
2.998046875
1.513671875
-1.46484375
-3.115234375
-2.080078125
0.8251953125
2.880859375
2.3583984375
-0.4296875
-2.8662109375
-2.783203125
-0.2197265625
2.4658203125
2.87109375
0.625
-2.2705078125
-3.10546875
-1.2548828125
1.69921875
3.037109375
1.6259765625
-1.3720703125
-3.1298828125
-2.177734375
0.7275390625
2.880859375
2.4560546875
-0.3369140625
-2.8466796875
-2.8466796875
-0.3271484375
2.412109375
2.9150390625
0.7275390625
-2.197265625
-3.1396484375
-1.3525390625
1.6162109375
3.037109375
1.7236328125
-1.279296875
-3.115234375
-2.2705078125
0.625
2.8515625
2.5048828125
-0.234375
-2.802734375
-2.8857421875
-0.4296875
2.3486328125
2.9443359375
0.8349609375
-2.1142578125
-3.1494140625
-1.455078125
1.5234375
3.037109375
1.81640625
-1.181640625
-3.10546875
-2.353515625
0.5322265625
2.83203125
2.578125
-0.1171875
-2.7490234375
-2.939453125
-0.546875
2.275390625
2.9638671875
0.927734375
-2.03125
-3.1591796875
-1.5478515625
1.4404296875
3.02734375
1.8994140625
-1.0791015625
-3.0859375
-2.4267578125
0.4150390625
2.7880859375
2.6318359375
-0.0146484375
-2.7001953125
-2.96875
-0.6396484375
2.2021484375
2.98828125
1.0302734375
-1.9482421875
-3.1689453125
-1.6455078125
1.337890625
3.0078125
2.0068359375
-0.9619140625
-3.06640625
-2.5
0.3125
2.744140625
2.685546875
0.0830078125
-2.63671875
-3.0029296875
-0.7421875
2.12890625
2.998046875
1.1474609375
-1.8505859375
-3.1787109375
-1.748046875
1.240234375
2.998046875
2.08984375
-0.859375
-3.0322265625
-2.5634765625
0.1953125
2.6953125
2.734375
0.1953125
-2.5732421875
-3.0322265625
-0.83984375
2.0556640625
3.017578125
1.240234375
-1.767578125
-3.1787109375
-1.8310546875
1.1474609375
2.98828125
2.1630859375
-0.7568359375
-3.0126953125
-2.63671875
0.0927734375
2.6513671875
2.7880859375
0.322265625
