3.6767578125
3.6474609375
3.59375
3.5400390625
3.466796875
3.3740234375
3.271484375
3.14453125
2.998046875
2.83203125
2.6416015625
2.44140625
2.24609375
2.0263671875
1.796875
1.5673828125
1.337890625
1.083984375
0.8349609375
0.5810546875
0.33203125
0.0830078125
-0.1806640625
-0.4296875
-0.693359375
-0.9619140625
-1.2060546875
-1.4453125
-1.6845703125
-1.904296875
-2.1337890625
-2.34375
-2.5439453125
-2.7392578125
-2.919921875
-3.0859375
-3.232421875
-3.359375
-3.4716796875
-3.5791015625
-3.65234375
-3.7109375
-3.7744140625
-3.80859375
-3.837890625
-3.84765625
-3.84765625
-3.828125
-3.798828125
-3.7548828125
-3.701171875
-3.6279296875
-3.544921875
-3.4423828125
-3.3154296875
-3.1689453125
-3.0126953125
-2.8369140625
-2.646484375
-2.4462890625
-2.2509765625
-2.021484375
-1.8017578125
-1.572265625
-1.337890625
-1.0888671875
-0.849609375
-0.5859375
-0.3466796875
-0.087890625
0.15625
0.4052734375
0.64453125
0.8984375
1.1376953125
1.376953125
1.6064453125
1.8603515625
2.0654296875
2.275390625
2.4951171875
2.685546875
2.8515625
3.0078125
3.154296875
3.271484375
3.3837890625
3.466796875
3.5400390625
3.603515625
3.6474609375
3.6767578125
3.7060546875
3.7060546875
3.6865234375
3.6669921875
3.623046875
3.57421875
3.5107421875
3.427734375
3.3203125
3.2080078125
3.0712890625
2.9150390625
2.724609375
2.5390625
2.3291015625
2.119140625
1.8994140625
1.669921875
1.4404296875
1.220703125
0.95703125
0.7080078125
0.458984375
0.205078125
-0.0439453125
-0.29296875
-0.546875
-0.7958984375
-1.0498046875
-1.279296875
-1.5185546875
-1.7578125
-1.9873046875
-2.2265625
-2.4365234375
-2.63671875
-2.8369140625
-3.0126953125
-3.1689453125
-3.3056640625
-3.4326171875
-3.53515625
-3.6279296875
-3.69140625
-3.7548828125
-3.798828125
-3.828125
-3.84765625
-3.857421875
-3.837890625
-3.818359375
-3.7744140625
-3.7255859375
-3.662109375
-3.5888671875
-3.4912109375
-3.369140625
-3.232421875
-3.076171875
-2.919921875
-2.7392578125
-2.5537109375
-2.34375
-2.1337890625
-1.9140625
-1.6845703125
-1.4453125
-1.2060546875
-0.9326171875
-0.693359375
-0.4541015625
-0.1904296875
0.05859375
0.3125
0.5615234375
0.8251953125
1.064453125
1.2939453125
1.5234375
1.7529296875
1.982421875
2.1923828125
2.392578125
2.578125
2.7685546875
2.9345703125
3.0810546875
3.2177734375
3.330078125
3.427734375
3.5107421875
3.57421875
3.623046875
3.6572265625
3.6865234375
3.7060546875
3.6962890625
3.6767578125
3.6474609375
3.603515625
3.5400390625
3.466796875
3.3740234375
3.271484375
3.134765625
2.998046875
2.841796875
2.6611328125
2.4755859375
2.275390625
2.0556640625
1.845703125
1.6162109375
1.376953125
1.1376953125
0.8740234375
0.634765625
0.3955078125
0.1318359375
-0.107421875
-0.3564453125
-0.6396484375
-0.87890625
-1.142578125
-1.3818359375
-1.611328125
-1.8408203125
-2.0703125
-2.2900390625
-2.5
-2.6904296875
-2.8759765625
-3.0419921875
-3.1884765625
-3.3447265625
-3.4619140625
-3.564453125
-3.6376953125
-3.7109375
-3.7646484375
-3.80859375
-3.837890625
-3.84765625
-3.84765625
-3.837890625
-3.80859375
-3.7646484375
-3.7109375
-3.65234375
-3.564453125
-3.4619140625
-3.3447265625
-3.212890625
-3.056640625
-2.8955078125
-2.7197265625
-2.51953125
-2.32421875
-2.1044921875
-1.884765625
-1.6650390625
-1.42578125
-1.181640625
-0.9423828125
