-2.7294921875
-2.51953125
-2.314453125
-2.0947265625
-1.875
-1.6455078125
-1.4013671875
-1.162109375
-0.9228515625
-0.6689453125
-0.419921875
-0.1708984375
0.0830078125
0.3125
0.5712890625
0.810546875
1.064453125
1.3037109375
1.5234375
1.7529296875
1.97265625
2.1826171875
2.3828125
2.578125
2.7587890625
2.9150390625
3.0712890625
3.2080078125
3.3203125
3.4130859375
3.5009765625
3.5595703125
3.61328125
3.6572265625
3.6865234375
3.7060546875
3.6962890625
3.6865234375
3.6572265625
3.61328125
3.5595703125
3.5009765625
3.4130859375
3.310546875
3.18359375
3.037109375
2.880859375
2.71484375
2.5048828125
2.3095703125
2.099609375
1.8798828125
1.650390625
1.4208984375
1.1767578125
0.927734375
0.6982421875
0.44921875
0.185546875
-0.0634765625
-0.3173828125
-0.56640625
-0.8154296875
-1.0693359375
-1.30859375
-1.5478515625
-1.8017578125
-2.021484375
-2.2265625
-2.4365234375
-2.646484375
-2.822265625
-3.0126953125
-3.1689453125
-3.3056640625
-3.4423828125
-3.544921875
-3.6376953125
-3.701171875
-3.7646484375
-3.80859375
-3.837890625
-3.84765625
-3.84765625
-3.837890625
-3.80859375
-3.7646484375
-3.7109375
-3.6279296875
-3.544921875
-3.4423828125
-3.3154296875
-3.1689453125
-3.0126953125
-2.822265625
-2.646484375
-2.4462890625
-2.2412109375
-2.021484375
-1.8017578125
-1.5576171875
-1.328125
-1.0986328125
-0.849609375
-0.6005859375
-0.3466796875
-0.1171875
0.1318359375
0.3759765625
0.634765625
0.8740234375
1.1181640625
1.34765625
1.5869140625
1.8359375
2.0751953125
2.28515625
2.4853515625
2.6611328125
2.83203125
2.998046875
3.14453125
3.2568359375
3.3740234375
3.45703125
3.5302734375
3.59375
3.6328125
3.6669921875
3.6962890625
3.7060546875
3.6962890625
3.6669921875
3.6328125
3.59375
3.5205078125
3.447265625
3.3544921875
3.2373046875
3.1103515625
2.9638671875
2.7978515625
2.6123046875
2.412109375
2.2021484375
1.9921875
1.7724609375
1.533203125
1.3037109375
1.064453125
0.8251953125
0.5712890625
0.322265625
0.05859375
-0.2001953125
-0.4541015625
-0.693359375
-0.9423828125
-1.1962890625
-1.435546875
-1.6552734375
-1.884765625
-2.1142578125
-2.34375
-2.5537109375
-2.7392578125
-2.9296875
-3.095703125
-3.22265625
-3.369140625
-3.4814453125
-3.5791015625
-3.662109375
-3.7255859375
-3.7744140625
-3.818359375
-3.837890625
-3.84765625
-3.84765625
-3.828125
-3.798828125
-3.7451171875
-3.69140625
-3.6181640625
-3.525390625
-3.41796875
-3.3056640625
-3.1591796875
-3.0029296875
-2.8369140625
-2.646484375
-2.4365234375
-2.2412109375
-2.021484375
-1.8017578125
-1.58203125
-1.337890625
-1.0986328125
-0.859375
-0.6005859375
-0.3564453125
-0.09765625
0.15625
0.4052734375
0.64453125
0.91796875
1.1572265625
1.396484375
1.6259765625
1.8359375
2.0556640625
2.265625
2.4755859375
2.6611328125
2.841796875
2.998046875
3.14453125
3.2568359375
3.3740234375
3.45703125
3.5205078125
3.583984375
3.6328125
3.6669921875
3.6962890625
3.7060546875
3.6962890625
3.6767578125
3.6328125
3.583984375
3.5205078125
3.45703125
3.3544921875
3.2470703125
3.1103515625
2.9638671875
2.8076171875
2.6318359375
2.431640625
2.2119140625
1.9921875
1.7724609375
1.54296875
1.3232421875
1.083984375
0.8349609375
0.595703125
0.341796875
0.0830078125
-0.1611328125
-0.419921875
-0.6689453125
-0.9326171875
-1.171875
-1.4013671875
-1.6455078125
