-0.1904296875
-0.4736328125
-0.712890625
-0.9423828125
-1.1962890625
-1.455078125
-1.6845703125
-1.9140625
-2.16796875
-2.373046875
-2.5830078125
-2.7734375
-2.94921875
-3.1298828125
-3.2763671875
-3.3984375
-3.515625
-3.6083984375
-3.681640625
-3.7353515625
-3.7841796875
-3.828125
-3.84765625
-3.857421875
-3.84765625
-3.818359375
-3.7841796875
-3.7353515625
-3.681640625
-3.5986328125
-3.515625
-3.3984375
-3.2763671875
-3.1298828125
-2.96875
-2.79296875
-2.607421875
-2.4169921875
-2.197265625
-1.9775390625
-1.728515625
-1.4990234375
-1.2548828125
-1.025390625
-0.7763671875
-0.52734375
-0.283203125
-0.0341796875
0.205078125
0.458984375
0.6982421875
0.947265625
1.19140625
1.4208984375
1.66015625
1.8798828125
2.08984375
2.3193359375
2.5048828125
2.685546875
2.861328125
3.017578125
3.154296875
3.291015625
3.3935546875
3.4765625
3.5400390625
3.59375
3.6474609375
3.6767578125
3.6962890625
3.7060546875
3.6962890625
3.6669921875
3.623046875
3.583984375
3.5205078125
3.4375
3.3447265625
3.2177734375
3.0908203125
2.9345703125
2.7880859375
2.6123046875
2.421875
2.2119140625
2.0068359375
1.787109375
1.54296875
1.3134765625
1.07421875
0.8349609375
0.5810546875
0.33203125
0.0927734375
-0.1708984375
-0.419921875
-0.6591796875
-0.9228515625
-1.171875
-1.4111328125
-1.6455078125
-1.875
-2.0947265625
-2.314453125
-2.509765625
-2.7197265625
-2.8955078125
-3.06640625
-3.212890625
-3.3447265625
-3.4716796875
-3.564453125
-3.65234375
-3.7109375
-3.7744140625
-3.818359375
-3.84765625
-3.84765625
-3.84765625
-3.828125
-3.80859375
-3.7548828125
-3.701171875
-3.6279296875
-3.544921875
-3.4423828125
-3.3251953125
-3.1787109375
-3.0322265625
-2.8662109375
-2.6904296875
-2.48046875
-2.2705078125
-2.03125
-1.8017578125
-1.5576171875
-1.318359375
-1.0595703125
-0.8154296875
-0.576171875
-0.3271484375
-0.0634765625
0.17578125
0.4345703125
0.7080078125
0.947265625
1.19140625
1.4404296875
1.689453125
1.9189453125
2.1484375
2.3486328125
2.5390625
2.71484375
2.880859375
3.037109375
3.173828125
3.291015625
3.3935546875
3.4765625
3.5498046875
3.603515625
3.6474609375
3.6767578125
3.7060546875
3.7060546875
3.6865234375
3.6669921875
3.623046875
3.57421875
3.5107421875
3.4130859375
3.3203125
3.1982421875
3.0615234375
2.9150390625
2.744140625
2.568359375
2.3486328125
2.138671875
1.9189453125
1.689453125
1.4599609375
1.23046875
0.9912109375
0.751953125
0.498046875
0.2490234375
0.009765625
-0.25390625
-0.5029296875
-0.7666015625
-1.005859375
-1.2353515625
-1.484375
-1.71875
-1.9482421875
-2.16796875
-2.373046875
-2.5830078125
-2.7734375
-2.94921875
-3.115234375
-3.26171875
-3.3984375
-3.515625
-3.5986328125
-3.681640625
-3.7451171875
-3.7841796875
-3.828125
-3.84765625
-3.84765625
-3.837890625
-3.818359375
-3.7841796875
-3.7353515625
-3.681640625
-3.5986328125
-3.505859375
-3.388671875
-3.26171875
-3.115234375
-2.94921875
-2.783203125
-2.5927734375
-2.3974609375
-2.177734375
-1.9677734375
-1.73828125
-1.4990234375
-1.2548828125
-1.025390625
-0.7763671875
-0.537109375
-0.283203125
-0.0439453125
0.205078125
0.46875
0.7275390625
0.95703125
1.201171875
1.4306640625
1.66015625
1.8798828125
2.099609375
2.3193359375
2.5146484375
2.6953125
2.87109375
3.017578125
3.1640625
3.291015625
3.3837890625
3.466796875
