-3.80859375
-3.837890625
-3.84765625
-3.84765625
-3.828125
-3.80859375
-3.7646484375
-3.701171875
-3.6376953125
-3.544921875
-3.4423828125
-3.3154296875
-3.1787109375
-3.0224609375
-2.8466796875
-2.65625
-2.470703125
-2.2607421875
-2.05078125
-1.8310546875
-1.591796875
-1.3623046875
-1.1328125
-0.87890625
-0.6298828125
-0.390625
-0.13671875
0.0927734375
0.341796875
0.595703125
0.8447265625
1.083984375
1.3134765625
1.552734375
1.787109375
2.0166015625
2.2216796875
2.421875
2.6123046875
2.7880859375
2.9345703125
3.0908203125
3.2177734375
3.330078125
3.4375
3.5107421875
3.583984375
3.6328125
3.6669921875
3.6962890625
3.7060546875
3.6962890625
3.6767578125
3.6328125
3.59375
3.5400390625
3.466796875
3.3642578125
3.2470703125
3.125
2.9638671875
2.8173828125
2.6318359375
2.44140625
2.255859375
2.0361328125
1.81640625
1.5869140625
1.357421875
1.083984375
0.8447265625
0.595703125
0.341796875
0.1025390625
-0.146484375
-0.400390625
-0.6396484375
-0.87890625
-1.1328125
-1.3623046875
-1.6015625
-1.8408203125
-2.060546875
-2.2802734375
-2.490234375
-2.6904296875
-2.8759765625
-3.0419921875
-3.203125
-3.3349609375
-3.4521484375
-3.5546875
-3.6376953125
-3.701171875
-3.7646484375
-3.80859375
-3.837890625
-3.84765625
-3.84765625
-3.837890625
-3.80859375
-3.7646484375
-3.7109375
-3.65234375
-3.5546875
-3.4619140625
-3.3447265625
-3.22265625
-3.06640625
-2.8955078125
-2.7197265625
-2.5341796875
-2.32421875
-2.1142578125
-1.884765625
-1.6650390625
-1.42578125
-1.181640625
-0.9326171875
-0.703125
-0.4541015625
-0.2001953125
0.0390625
0.2880859375
0.5419921875
0.78125
1.0302734375
1.2744140625
1.50390625
1.7333984375
1.953125
2.1484375
2.3583984375
2.568359375
2.7587890625
2.9150390625
3.0615234375
3.1982421875
3.3203125
3.4130859375
3.5009765625
3.5595703125
3.61328125
3.6572265625
3.6865234375
3.7060546875
3.7060546875
3.6767578125
3.6572265625
3.61328125
3.5595703125
3.486328125
3.4033203125
3.30078125
3.18359375
3.0517578125
2.890625
2.705078125
2.5048828125
2.3193359375
2.109375
1.8896484375
1.66015625
1.4208984375
1.19140625
0.947265625
0.6982421875
0.458984375
0.205078125
-0.0537109375
-0.3271484375
-0.576171875
-0.830078125
-1.0791015625
-1.318359375
-1.5576171875
-1.8212890625
-2.041015625
-2.2509765625
-2.4609375
-2.65625
-2.8466796875
-3.0126953125
-3.1787109375
-3.3154296875
-3.4423828125
-3.53515625
-3.6279296875
-3.701171875
-3.7548828125
-3.80859375
-3.828125
-3.84765625
-3.84765625
-3.837890625
-3.818359375
-3.7744140625
-3.7255859375
-3.662109375
-3.5791015625
-3.4814453125
-3.369140625
-3.232421875
-3.0859375
-2.91015625
-2.7197265625
-2.51953125
-2.333984375
-2.1142578125
-1.904296875
-1.6748046875
-1.435546875
-1.2158203125
-0.9765625
-0.72265625
-0.4736328125
-0.2197265625
0.029296875
0.2880859375
0.5322265625
0.78125
1.0205078125
1.2646484375
1.50390625
1.7236328125
1.943359375
2.1630859375
2.3681640625
2.568359375
2.7587890625
2.9150390625
3.0810546875
3.2275390625
3.3447265625
3.4375
3.5205078125
3.583984375
3.623046875
3.6669921875
3.6962890625
3.7060546875
3.6962890625
3.6767578125
3.6328125
3.59375
3.5205078125
3.447265625
3.3544921875
3.2470703125
3.0908203125
2.9541015625
2.7880859375
2.6025390625
2.40234375
2.1923828125
1.982421875
