4.1796875
4.2822265625
4.3994140625
4.501953125
4.5947265625
4.6826171875
4.765625
4.82421875
4.8876953125
4.94140625
4.9951171875
5.0341796875
5.068359375
5.09765625
5.1318359375
5.1513671875
5.1708984375
5.1806640625
5.1806640625
5.1708984375
5.1513671875
5.1318359375
5.09765625
5.068359375
5.0244140625
4.9951171875
4.931640625
4.8779296875
4.814453125
4.7314453125
4.6484375
4.5654296875
4.462890625
4.345703125
4.2431640625
4.1162109375
3.9794921875
3.8427734375
3.6962890625
3.5400390625
3.3837890625
3.2177734375
3.0615234375
2.880859375
2.705078125
2.529296875
2.3388671875
2.1630859375
1.962890625
1.7724609375
1.5771484375
1.38671875
1.19140625
0.9912109375
0.791015625
0.595703125
0.3857421875
0.185546875
-0.0146484375
-0.2099609375
-0.419921875
-0.6201171875
-0.830078125
-1.025390625
-1.2255859375
-1.42578125
-1.611328125
-1.8115234375
-1.9970703125
-2.1875
-2.3876953125
-2.5634765625
-2.7490234375
-2.9296875
-3.095703125
-3.26171875
-3.4326171875
-3.5888671875
-3.7451171875
-3.8916015625
-4.0283203125
-4.1748046875
-4.287109375
-4.4140625
-4.5263671875
-4.6337890625
-4.7265625
-4.8193359375
-4.892578125
-4.9658203125
-5.029296875
-5.0927734375
-5.13671875
-5.185546875
-5.2197265625
-5.2490234375
-5.2685546875
-5.29296875
-5.3125
-5.33203125
-5.322265625
-5.3125
-5.29296875
-5.2685546875
-5.2490234375
-5.2099609375
-5.17578125
-5.13671875
-5.0830078125
-5.029296875
-4.9560546875
-4.892578125
-4.7998046875
-4.716796875
-4.6142578125
-4.5166015625
-4.39453125
-4.267578125
-4.140625
-4.00390625
-3.857421875
-3.7109375
-3.5546875
-3.3984375
-3.232421875
-3.06640625
-2.8857421875
-2.7099609375
-2.5341796875
-2.34375
-2.1533203125
-1.9677734375
-1.77734375
-1.58203125
-1.3818359375
-1.1962890625
-0.99609375
-0.7958984375
-0.6005859375
-0.400390625
-0.2001953125
0.009765625
0.205078125
0.4052734375
0.60546875
0.80078125
1.0009765625
1.201171875
1.38671875
1.5771484375
1.7724609375
1.962890625
2.1484375
2.3291015625
2.5048828125
2.685546875
2.861328125
3.02734375
3.1982421875
3.3544921875
3.5107421875
3.6669921875
3.8037109375
3.9501953125
4.072265625
4.19921875
4.31640625
4.4189453125
4.521484375
4.619140625
4.7021484375
4.775390625
4.8486328125
4.912109375
4.9609375
5.0048828125
5.0439453125
5.078125
5.107421875
5.1416015625
5.1513671875
5.1708984375
5.1806640625
5.1806640625
5.1708984375
5.1513671875
5.1171875
5.09765625
5.068359375
5.0146484375
4.970703125
4.921875
4.8583984375
4.794921875
4.7119140625
4.638671875
4.5361328125
4.4384765625
4.326171875
4.208984375
4.08203125
3.9501953125
3.8134765625
3.6669921875
3.5107421875
3.3447265625
3.18359375
3.017578125
2.841796875
2.6611328125
2.4853515625
2.294921875
2.109375
1.9189453125
1.7236328125
1.533203125
1.337890625
1.1474609375
0.947265625
0.751953125
0.5419921875
0.341796875
0.1416015625
-0.0634765625
-0.263671875
-0.4736328125
-0.6689453125
-0.869140625
-1.0693359375
-1.26953125
-1.46484375
-1.6650390625
-1.8505859375
-2.05078125
-2.2412109375
-2.4267578125
-2.607421875
-2.783203125
-2.958984375
-3.1396484375
-3.3056640625
-3.4716796875
-3.6279296875
-3.7744140625
-3.9208984375
-4.0576171875
-4.1943359375
-4.3310546875
-4.443359375
-4.560546875
-4.6533203125
-4.755859375
-4.84375
-4.9169921875
-4.990234375
-5.0390625
