-4.7802734375
-4.6337890625
-4.453125
-4.267578125
-4.0478515625
-3.80859375
-3.5546875
-3.2958984375
-3.0126953125
-2.7197265625
-2.4267578125
-2.1142578125
-1.8017578125
-1.474609375
-1.162109375
-0.83984375
-0.5029296875
-0.1806640625
0.15625
0.478515625
0.80078125
1.1279296875
1.4501953125
1.7626953125
2.0751953125
2.3828125
2.67578125
2.9541015625
3.2373046875
3.486328125
3.740234375
3.9599609375
4.1796875
4.365234375
4.521484375
4.6826171875
4.8046875
4.912109375
4.9951171875
5.05859375
5.107421875
5.1513671875
5.1806640625
5.1806640625
5.1611328125
5.1171875
5.068359375
4.9951171875
4.912109375
4.8046875
4.6826171875
4.521484375
4.345703125
4.1552734375
3.9404296875
3.7060546875
3.45703125
3.18359375
2.9052734375
2.6123046875
2.3193359375
2.0068359375
1.689453125
1.3671875
1.044921875
0.7177734375
0.3857421875
0.05859375
-0.283203125
-0.6103515625
-0.9423828125
-1.26953125
-1.591796875
-1.904296875
-2.216796875
-2.5341796875
-2.822265625
-3.115234375
-3.388671875
-3.65234375
-3.8916015625
-4.12109375
-4.3408203125
-4.5263671875
-4.697265625
-4.84375
-4.9560546875
-5.0634765625
-5.146484375
-5.2099609375
-5.2587890625
-5.29296875
-5.322265625
-5.322265625
-5.29296875
-5.2490234375
-5.1953125
-5.1220703125
-5.0390625
-4.9365234375
-4.8095703125
-4.6533203125
-4.4873046875
-4.287109375
-4.0771484375
-3.84765625
-3.5986328125
-3.3251953125
-3.056640625
-2.763671875
-2.470703125
-2.1533203125
-1.8505859375
-1.5283203125
-1.2060546875
-0.87890625
-0.556640625
-0.234375
0.1025390625
0.4248046875
0.76171875
1.083984375
1.396484375
1.7138671875
2.0361328125
2.3388671875
2.6318359375
2.9150390625
3.18359375
3.447265625
3.6962890625
3.92578125
4.1455078125
4.3359375
4.51171875
4.658203125
4.78515625
4.8876953125
4.9853515625
5.0439453125
5.09765625
5.1416015625
5.1708984375
5.1806640625
5.1611328125
5.1171875
5.078125
5.0048828125
4.921875
4.82421875
4.7021484375
4.5556640625
4.375
4.189453125
3.9697265625
3.740234375
3.5009765625
3.2275390625
2.9443359375
2.6611328125
2.3583984375
2.0556640625
1.7431640625
1.4208984375
1.09375
0.76171875
0.4345703125
0.1025390625
-0.234375
-0.556640625
-0.888671875
-1.2158203125
-1.5380859375
-1.865234375
-2.177734375
-2.48046875
-2.783203125
-3.06640625
-3.3447265625
-3.6083984375
-3.857421875
-4.0869140625
-4.306640625
-4.4970703125
-4.6630859375
-4.8193359375
-4.9365234375
-5.048828125
-5.13671875
-5.1953125
-5.2490234375
-5.29296875
-5.322265625
-5.322265625
-5.29296875
-5.2587890625
-5.2099609375
-5.146484375
-5.0634765625
-4.9560546875
-4.8291015625
-4.6826171875
-4.5166015625
-4.3212890625
-4.111328125
-3.8818359375
-3.6279296875
-3.369140625
-3.095703125
-2.802734375
-2.509765625
-2.20703125
-1.89453125
-1.572265625
-1.2548828125
-0.9326171875
-0.6005859375
-0.2734375
0.048828125
0.3857421875
0.7080078125
1.0302734375
1.357421875
1.669921875
1.982421875
2.28515625
2.587890625
2.87109375
3.154296875
3.4130859375
3.6669921875
3.896484375
4.1162109375
4.3017578125
4.482421875
4.638671875
4.765625
4.8779296875
4.970703125
5.0341796875
5.09765625
5.1416015625
5.1708984375
5.1904296875
5.1611328125
5.1318359375
5.078125
5.0146484375
4.931640625
4.8388671875
4.7119140625
4.5751953125
4.4091796875
4.208984375
4.013671875
3.779296875
