0.3515625
0.3515625
0.3515625
0.341796875
0.3515625
0.341796875
0.3515625
0.341796875
0.341796875
0.341796875
0.341796875
0.3515625
0.341796875
0.3515625
0.341796875
0.3515625
0.341796875
0.341796875
0.341796875
0.341796875
0.341796875
0.341796875
0.341796875
0.341796875
0.3515625
0.341796875
0.3515625
0.3515625
0.341796875
0.3515625
0.341796875
0.341796875
0.3515625
0.341796875
0.341796875
0.341796875
0.341796875
0.341796875
0.341796875
0.341796875
0.341796875
0.341796875
0.341796875
0.341796875
0.341796875
0.3515625
0.3515625
0.341796875
0.3515625
-0.41015625
-0.41015625
-0.41015625
-0.41015625
-0.41015625
-0.41015625
-0.41015625
-0.41015625
-0.41015625
-0.41015625
-0.41015625
-0.41015625
-0.41015625
-0.41015625
-0.41015625
-0.41015625
-0.41015625
-0.41015625
-0.41015625
-0.41015625
-0.41015625
-0.41015625
-0.41015625
-0.41015625
-0.41015625
-0.41015625
-0.41015625
-0.41015625
-0.41015625
-0.41015625
-0.41015625
-0.41015625
-0.41015625
-0.41015625
-0.41015625
-0.41015625
-0.41015625
-0.41015625
-0.41015625
-0.41015625
-0.41015625
-0.41015625
-0.41015625
-0.41015625
-0.41015625
-0.41015625
-0.41015625
-0.41015625
-0.41015625
-0.41015625
0.341796875
0.341796875
0.341796875
0.341796875
0.341796875
0.341796875
0.341796875
0.3515625
0.341796875
0.341796875
0.341796875
0.341796875
0.341796875
0.341796875
0.341796875
0.341796875
0.341796875
0.341796875
0.341796875
0.341796875
0.341796875
0.341796875
0.3515625
0.341796875
0.3515625
0.341796875
0.3515625
0.341796875
0.341796875
0.3515625
0.341796875
0.3515625
0.341796875
0.341796875
0.341796875
0.341796875
0.341796875
0.341796875
0.341796875
0.341796875
0.341796875
0.341796875
0.341796875
0.341796875
0.341796875
0.341796875
0.341796875
0.341796875
0.341796875
0.341796875
-0.41015625
-0.41015625
-0.41015625
-0.41015625
-0.41015625
-0.41015625
-0.41015625
-0.41015625
-0.41015625
-0.41015625
-0.41015625
-0.41015625
-0.41015625
-0.41015625
-0.41015625
-0.41015625
-0.41015625
-0.41015625
-0.41015625
-0.41015625
-0.41015625
-0.41015625
-0.41015625
-0.41015625
-0.41015625
-0.41015625
-0.41015625
-0.41015625
-0.41015625
-0.41015625
-0.41015625
-0.41015625
-0.41015625
-0.41015625
-0.41015625
-0.41015625
-0.41015625
-0.41015625
-0.41015625
-0.41015625
-0.41015625
-0.41015625
-0.41015625
-0.41015625
-0.41015625
-0.419921875
-0.41015625
-0.41015625
-0.41015625
-0.41015625
-0.0146484375
0.341796875
0.3515625
0.341796875
0.341796875
0.341796875
0.341796875
0.341796875
0.3515625
0.341796875
0.341796875
0.341796875
0.3515625
0.341796875
0.341796875
0.341796875
0.341796875
0.341796875
0.341796875
0.341796875
0.341796875
0.341796875
0.341796875
0.3515625
0.341796875
0.3515625
0.3515625
0.341796875
0.3515625
0.3515625
0.341796875
0.3515625
0.341796875
0.341796875
0.341796875
0.341796875
0.341796875
0.341796875
0.341796875
0.341796875
0.341796875
0.341796875
0.341796875
0.341796875
0.341796875
0.341796875
0.341796875
0.341796875
0.341796875
0.3515625
-0.41015625
-0.41015625
-0.41015625
-0.41015625
-0.41015625
-0.41015625
-0.41015625
