1.82617
2.06543
2.30957
2.54883
2.77832
2.99805
3.21777
3.42773
3.62305
3.81348
3.99902
4.16992
4.30176
4.44824
4.5752
4.68262
4.78516
4.86816
4.94141
4.99512
5.04395
5.08789
5.11719
5.1416
5.16113
5.16113
5.1416
5.10742
5.07813
5.02441
4.9707
4.89746
4.82422
4.72168
4.61914
4.49219
4.35547
4.19922
4.04297
3.86719
3.66699
3.4668
3.25684
3.03711
2.80762
2.57813
2.33887
2.08984
1.8457
1.58691
1.33789
1.07422
0.825195
0.551758
0.288086
0.0292969
-0.244141
-0.50293
-0.766602
-1.02539
-1.28906
-1.54785
-1.80176
-2.05078
-2.29004
-2.54395
-2.77344
-3.00293
-3.22266
-3.44238
-3.65234
-3.84766
-4.02832
-4.2041
-4.36035
-4.50684
-4.64355
-4.75586
-4.86328
-4.95605
-5.0293
-5.09277
-5.14648
-5.18555
-5.22949
-5.24902
-5.26855
-5.2832
-5.25879
-5.22949
-5.19531
-5.16602
-5.1123
-5.04883
-4.97559
-4.89258
-4.79004
-4.67285
-4.54102
-4.4043
-4.24805
-4.07715
-3.8916
-3.70117
-3.50586
-3.28613
-3.06641
-2.83691
-2.60742
-2.35352
-2.11426
-1.86523
-1.61133
-1.3623
-1.09863
-0.849609
-0.585938
-0.327148
-0.0634766
0.195313
0.458984
0.717773
0.981445
1.23047
1.49414
1.74316
1.98242
2.23633
2.46582
2.70508
2.9248
3.1543
3.36426
3.55957
3.75
3.94043
4.10645
4.2627
4.40918
4.53613
4.64844
4.75098
4.84863
4.92188
4.98535
5.03418
5.07813
5.10742
5.1416
5.16113
5.1709
5.1416
5.11719
5.08789
5.04395
4.99512
4.93164
4.84863
4.76563
4.6582
4.53613
4.40918
4.25293
4.09668
3.91602
3.74023
3.54004
3.33008
3.125
2.89063
2.66113
2.42188
2.17285
1.93359
1.67969
1.43066
1.16699
0.908203
0.644531
0.375977
0.112305
-0.146484
-0.410156
-0.668945
-0.932617
-1.19629
-1.45508
-1.7041
-1.96777
-2.2168
-2.46094
-2.69043
-2.92969
-3.14941
-3.36914
-3.5791
-3.77441
-3.96484
-4.14063
-4.30664
-4.45313
-4.58984
-4.7168
-4.8291
-4.92676
-5.00977
-5.07324
-5.12207
-5.17578
-5.20996
-5.23926
-5.25879
-5.2832
-5.26855
-5.23926
-5.20996
-5.17578
-5.12207
-5.07324
-5.00977
-4.92676
-4.81934
-4.7168
-4.59961
-4.45313
-4.30664
-4.14063
-3.95508
-3.77441
-3.56445
-3.35938
-3.14941
-2.91992
-2.69043
-2.44629
-2.20703
-1.95801
-1.7041
-1.45508
-1.19629
-0.942383
-0.683594
-0.419922
-0.161133
0.102539
0.361328
0.625
0.883789
1.14746
1.39648
1.65039
1.89941
2.14844
2.38281
2.62207
2.8418
3.07129
3.28125
3.48633
3.67676
3.86719
4.04297
4.20898
4.3457
4.49219
4.60938
4.72168
4.80469
4.8877
4.96094
5.01465
5.05859
5.09766
5.13184
5.15137
5.1709
5.15137
5.13184
5.09766
5.05859
5.01465
4.95117
4.87793
4.79492
4.69238
4.58496
4.46289
4.31641
4.15527
3.98926
3.80371
3.61328
3.41309
3.19824
2.97852
2.74414
2.50488
2.26563
2.02637
1.77246
1.51367
1.26465
1.00098
0.737305
0.478516
0.205078
-0.0439453
-0.317383
-0.576172
-0.839844
-1.09863
-1.3623
-1.61133
-1.875
-2.11426
-2.36328
-2.60742
-2.84668
-3.06641
-3.28613
-3.50586
-3.70117
-3.8916
-4.07715
-4.24805
-4.4043
-4.55078
-4.67285
-4.79004
-4.89258
-4.97559
-5.04883
-5.10254
-5.15625
-5.19531
-5.22949
-5.25879
-5.2832
-5.26855
-5.24902
-5.22949
-5.19531
-5.15625
-5.10254
-5.0293
-4.95605
-4.86328
-4.75586
-4.64355
-4.50684
-4.36035
-4.19434
-4.01367
-3.83789
-3.6377
-3.44238
-3.22266
-3.00293
-2.77344
-2.53418
-2.2998
-2.05078
-1.80176
-1.54785
-1.28906
-1.03516
-0.776367
-0.512695
-0.253906
0.00976563
0.268555
0.532227
0.791016
1.05469
1.31348
1.56738
1.80664
2.05566
2.29492
2.53906
2.76855
2.98828
3.20801
3.41309
3.61328
3.80371
3.98926
4.14551
4.30176
4.43848
4.5752
4.68262
4.77539
4.8584
4.93164
4.99512
5.04395
5.08789
5.11719
5.1416
5.16113
5.16113
5.13184
5.10742
5.07813
5.02441
4.9707
4.91211
4.82422
4.73145
4.62891
4.50195
4.36523
4.20898
4.05273
3.86719
3.67676
3.47656
3.27148
3.05176
2.81738
2.58789
2.34863
2.10938
1.86035
1.60645
1.35742
1.09375
0.834961
0.571289
0.302734
0.0390625
-0.219727
-0.483398
-0.756836
-1.01563
-1.26953
-1.52832
-1.77734
-2.03125
-2.28027
-2.51953
-2.76367
-2.99316
-3.21289
-3.43262
-3.6377
-3.83789
-4.01367
-4.18457
-4.35059
-4.49707
-4.63379
-4.74609
-4.85352
-4.94629
-5.0293
-5.09277
-5.14648
-5.18555
-5.22949
-5.24902
-5.26855
-5.2832
-5.25879
-5.23926
-5.20996
-5.16602
-5.1123
-5.06348
-4.97559
-4.89258
-4.7998
-4.68262
-4.56055
-4.41406
-4.25781
-4.08691
-3.90137
-3.71094
-3.51563
-3.30566
-3.08594
-2.85645
-2.61719
-2.3877
-2.13379
-1.88477
-1.63086
-1.38184
-1.12305
-0.869141
-0.610352
-0.34668
-0.0878906
0.175781
0.449219
0.698242
0.957031
1.21094
1.46973
1.72363
1.97266
2.21191
2.45605
2.68555
2.91504
3.13477
3.34473
3.54004
3.74023
3.91602
4.09668
4.25293
4.39941
4.52148
4.63867
4.75098
4.83887
4.91211
4.9707
5.02441
5.07813
5.10742
5.1416
5.16113
5.1709
5.1416
5.11719
5.08789
5.04395
4.99512
4.93164
4.8584
4.76563
4.66797
4.5459
4.41895
4.2627
4.10645
3.94043
3.75
3.5498
3.34473
3.13477
2.90527
2.67578
2.43164
2.19238
1.94336
1.68945
1.4502
1.19141
0.917969
0.668945
0.395508
0.131836
-0.126953
-0.400391
-0.65918
-0.922852
-1.17188
-1.43555
-1.69434
-1.94824
-2.1875
-2.43652
-2.67578
-2.91016
-3.13965
-3.35938
-3.55469
-3.76465
-3.95508
-4.13086
-4.28711
-4.44336
-4.58984
-4.7168
-4.81934
-4.92676
-5
-5.07324
-5.12207
-5.17578
-5.20996
-5.23926
-5.26855
-5.2832
-5.26855
-5.24902
-5.21973
-5.17578
-5.13672
-5.07324
-5.00977
-4.92676
-4.8291
-4.72656
-4.59961
-4.46777
-4.30664
-4.15039
-3.96484
-3.78418
-3.58887
-3.36914
-3.15918
-2.92969
-2.7002
-2.4707
-2.2168
-1.97754
-1.71875
-1.46484
-1.21582
-0.952148
-0.693359
-0.429688
-0.170898
0.0927734
0.351563
0.615234
0.874023
1.12793
1.38672
1.64063
1.88965
2.12891
2.36816
2.60254
2.83203
3.06152
3.27148
3.47656
3.67676
3.86719
4.0332
4.19922
4.3457
4.48242
4.60938
4.71191
4.80469
4.8877
4.96094
5.01465
5.05859
5.09766
5.13184
5.15137
5.1709
5.15137
5.13184
5.09766
5.05859
5.01465
4.95117
4.87793
4.79492
4.70215
4.59473
4.46289
4.31641
4.16992
3.98926
3.81348
3.62305
3.41309
3.20801
2.98828
2.75879
2.5293
2.27539
2.03613
1.78711
1.5332
1.27441
1.01074
0.751953
0.488281
0.229492
-0.0439453
-0.307617
-0.566406
-0.839844
-1.08887
-1.35254
-1.60156
-1.86523
-2.10449
-2.35352
-2.59277
-2.83691
-3.05664
-3.28613
-3.49121
-3.70117
-3.8916
-4.06738
-4.2334
-4.4043
-4.54102
-4.67285
-4.79004
-4.88281
-4.97559
-5.03906
-5.10254
-5.15625
-5.19531
-5.22949
-5.25879
-5.2832
-5.26855
-5.24902
-5.22949
-5.19531
-5.15625
-5.10254
-5.0293
-4.95605
-4.87305
-4.77051
-4.64355
-4.5166
-4.36035
-4.2041
-4.02832
-3.84766
-3.65234
-3.45215
-3.23242
-3.0127
-2.7832
-2.54395
-2.2998
-2.06055
-1.81152
-1.55762
-1.29883
-1.0498
-0.786133
-0.527344
-0.263672
0
0.258789
0.522461
0.78125
1.04492
1.29395
1.54297
1.79688
2.0459
2.28516
2.5293
2.75879
2.98828
3.19824
3.40332
3.60352
3.79395
3.97949
4.14551
4.29199
4.43848
4.56543
4.68262
4.77539
4.8584
4.93164
4.99512
5.04395
5.08789
5.11719
5.1416
5.16113
5.16113
5.1416
5.10742
5.07813
5.02441
4.9707
4.91211
4.83887
4.74121
4.62891
4.51172
4.36523
4.21875
4.05273
3.87695
3.68652
3.48633
3.28125
3.06152
2.83203
2.60254
2.3584
2.11914
1.87012
1.61621
1.36719
1.10352
0.844727
0.581055
0.322266
0.0585938
-0.209961
-0.473633
-0.732422
-1.00586
-1.25488
-1.51855
-1.76758
-2.02148
-2.27051
-2.50977
-2.74902
-2.9834
-3.20313
-3.41797
-3.62793
-3.82813
-4.01367
-4.18457
-4.35059
-4.49707
-4.63379
-4.74609
-4.85352
-4.94629
-5.01953
-5.09277
-5.14648
-5.18555
-5.21973
-5.24902
-5.26855
-5.2832
-5.26855
-5.23926
-5.20996
-5.16602
-5.1123
-5.06348
-4.99023
-4.89258
-4.7998
-4.68262
-4.56055
-4.41406
-4.26758
-4.08691
-3.91113
-3.72559
-3.51563
-3.30566
-3.08594
-2.86621
-2.62695
-2.3877
-2.14355
-1.89453
-1.64551
-1.38184
-1.13281
-0.878906
-0.610352
-0.356445
-0.0878906
0.175781
0.424805
0.698242
0.957031
1.20117
1.45996
1.71387
1.96289
2.20215
2.44141
2.67578
2.90527
3.125
3.33008
3.54004
3.73047
3.91602
4.08203
4.24316
4.38965
4.52148
4.63867
4.74121
4.83887
4.91211
4.9707
5.02441
5.06836
5.10742
5.1416
5.16113
5.1709
5.1416
5.11719
5.08789
5.04395
4.99512
4.93164
4.8584
4.77539
4.66797
4.5459
4.41895
4.27246
4.11621
3.94043
3.75
3.5498
3.34473
3.13477
2.90527
2.68555
2.44141
2.20215
1.95313
1.69922
1.4502
1.19141
0.927734
0.668945
0.405273
0.141602
-0.126953
-0.390625
-0.649414
-0.913086
-1.17188
-1.43555
-1.68457
-1.93848
-2.1875
-2.43652
-2.67578
-2.91016
-3.12988
-3.34473
-3.55469
-3.76465
-3.94531
-4.12109
-4.29688
-4.44336
-4.58008
-4.70703
-4.81934
-4.91699
-5
-5.06348
-5.12207
-5.17578
-5.21973
-5.23926
-5.26855
-5.2832
-5.26855
-5.24902
-5.21973
-5.18555
-5.13672
-5.07324
-5.00977
-4.93652
-4.8291
-4.72656
-4.59961
-4.46777
-4.32129
-4.15039
-3.97461
-3.78418
-3.59863
-3.37891
-3.16895
-2.93945
-2.70996
-2.4707
-2.22656
-1.97754
-1.72852
-1.47461
-1.21582
-0.961914
-0.703125
-0.439453
-0.180664
0.0830078
0.341797
0.605469
0.864258
1.11816
1.37695
1.62598
1.87988
2.11914
2.3584
2.58789
2.83203
3.05176
3.25684
3.4668
3.66699
3.85254
4.0332
4.18945
4.3457
4.47266
4.59473
4.71191
4.80469
4.8877
4.95117
5.01465
5.05859
5.09766
5.13184
5.15137
5.1709
5.16113
5.13184
5.09766
5.06836
5.01465
4.95117
4.8877
4.80469
4.70215
4.58496
4.46289
4.32617
4.16992
3.99902
3.81348
3.62305
3.42773
3.20801
2.98828
2.75879
2.5293
2.28516
2.03613
1.78711
1.5332
1.28418
1.02051
0.761719
0.488281
0.229492
-0.0341797
-0.307617
-0.556641
-0.830078
-1.08887
-1.33789
-1.60156
-1.85059
-2.10449
-2.35352
-2.59277
-2.82227
-3.05664
-3.27637
-3.48145
-3.69141
-3.8916
-4.06738
-4.2334
-4.39453
-4.54102
-4.67285
-4.79004
-4.88281
-4.96582
-5.03906
-5.1123
-5.15625
-5.19531
-5.22949
-5.25879
-5.26855
-5.26855
-5.24902
-5.22949
-5.19531
-5.15625
-5.09277
-5.03906
-4.95605
-4.86328
-4.77051
-4.65332
-4.5166
-4.37012
-4.2041
-4.03809
-3.84766
-3.65234
-3.45215
-3.23242
-3.0127
-2.7832
-2.55371
-2.2998
-2.06055
-1.81152
-1.55762
-1.29883
-1.0498
-0.786133
-0.527344
-0.263672
0
0.258789
0.522461
0.78125
1.04492
1.29395
1.54297
1.79688
2.0459
2.28516
2.5293
2.75879
2.97852
3.19824
3.40332
3.60352
3.79395
3.96973
4.14551
4.29199
4.42871
4.56543
4.68262
4.77539
4.8584
4.93164
4.99512
5.04395
5.08789
5.11719
5.1416
5.16113
5.16113
5.1416
5.10742
5.07813
5.02441
4.9707
4.91211
4.82422
4.74121
4.62891
4.50195
4.36523
4.21875
4.05273
3.87695
3.68652
3.48633
3.28125
3.07129
2.8418
2.60254
2.3584
2.11914
1.87012
1.61621
1.36719
1.10352
0.834961
0.571289
0.3125
0.0488281
-0.209961
-0.473633
-0.742188
-1.00586
-1.25488
-1.51855
-1.76758
-2.02148
-2.27051
-2.50977
-2.74902
-2.9834
-3.20313
-3.41797
-3.62793
-3.82813
-4.01367
-4.18457
-4.34082
-4.4873
-4.62402
-4.74609
-4.85352
-4.93652
-5.01953
-5.09277
-5.14648
-5.18555
-5.21973
-5.24902
-5.26855
-5.2832
-5.26855
-5.23926
-5.20996
-5.16602
-5.1123
-5.04883
-4.99023
-4.89258
-4.80957
-4.68262
-4.56055
-4.42383
-4.26758
-4.10156
-3.91113
-3.72559
-3.51563
-3.30566
-3.0957
-2.86621
-2.63672
-2.3877
-2.14355
-1.89453
-1.64551
-1.3916
-1.14258
-0.878906
-0.620117
-0.356445
-0.0976563
0.166016
0.424805
0.698242
0.947266
1.21094
1.45996
1.71387
1.96289
2.20215
2.44141
2.67578
2.90527
3.125
3.33008
3.54004
3.73047
3.91602
4.08203
4.24316
4.38965
4.52148
4.63867
4.74121
4.83887
4.91211
4.9707
5.02441
5.07813
5.10742
5.13184
5.16113
5.16113
5.1416
5.11719
5.08789
5.04395
4.99512
4.93164
4.8584
4.77539
4.66797
4.55566
4.41895
4.27246
4.11621
3.94043
3.75977
3.55957
3.35449
3.13477
2.91504
2.68555
2.44141
2.20215
1.96289
1.69922
1.4502
1.20117
0.927734
0.678711
0.405273
0.141602
-0.117188
-0.380859
-0.639648
-0.913086
-1.17188
-1.42578
-1.68457
-1.93848
-2.1875
-2.42676
-2.67578
-2.89551
-3.12988
-3.34473
-3.55469
-3.76465
-3.94531
-4.12109
-4.28711
-4.44336
-4.58008
-4.70703
-4.81934
-4.91699
-4.99023
-5.06348
-5.12207
-5.17578
-5.20996
-5.23926
-5.26855
-5.2832
-5.26855
-5.24902
-5.21973
-5.18555
-5.13672
-5.08301
-5.00977
-4.93652
-4.84375
-4.72656
-4.59961
-4.46777
-4.32129
-4.15039
-3.97461
-3.78418
-3.58887
-3.38867
-3.16895
-2.93945
-2.70996
-2.4707
-2.22656
-1.97754
-1.73828
-1.47461
-1.21582
-0.961914
-0.703125
-0.439453
-0.180664
0.0830078
0.341797
0.605469
0.864258
1.12793
1.37695
1.62598
1.87988
2.11914
2.3584
2.60254
2.81738
3.05176
3.25684
3.4668
3.66699
3.85254
4.0332
4.18945
4.3457
4.48242
4.59473
4.71191
4.80469
4.8877
4.95117
5.01465
5.05859
5.09766
5.13184
5.15137
5.1709
5.15137
5.13184
5.09766
5.06836
5.01465
4.95117
4.87793
4.80469
4.71191
4.59473
4.47266
4.32617
4.16992
3.99902
3.82324
3.62305
3.42773
3.20801
2.98828
2.75879
2.5293
2.28516
2.03613
1.79688
1.5332
1.28418
1.02051
0.761719
0.488281
0.229492
-0.0341797
-0.292969
-0.556641
-0.830078
-1.08887
-1.33789
-1.60156
-1.85059
-2.10449
-2.35352
-2.59277
-2.82227
-3.05664
-3.27637
-3.49121
-3.69141
-3.8916
-4.06738
-4.2334
-4.39453
-4.54102
-4.66309
-4.78027
-4.88281
-4.96582
-5.03906
-5.10254
-5.15625
-5.19531
-5.22949
-5.25879
-5.26855
-5.26855
-5.25879
-5.22949
-5.19531
-5.15625
-5.10254
-5.0293
-4.95605
-4.87305
-4.77051
-4.65332
-4.5166
-4.37012
-4.21387
-4.03809
-3.84766
-3.66211
-3.45215
-3.24219
-3.0127
-2.79297
-2.55371
-2.31445
-2.06055
-1.81152
-1.55762
-1.30859
-1.0498
-0.795898
-0.537109
-0.273438
-0.0146484
0.249023
0.507813
0.771484
1.03027
1.29395
1.54297
1.79688
2.03613
2.27539
2.51465
2.74414
2.97852
3.18359
3.40332
3.60352
3.79395
3.96973
4.13574
4.29199
4.42871
4.56543
4.68262
4.77539
4.8584
4.93164
4.99512
5.04395
5.07813
5.11719
5.1416
5.16113
5.16113
5.1416
5.10742
5.07813
5.03418
4.9707
4.91211
4.83887
4.74121
4.63867
4.51172
4.375
4.21875
4.0625
3.88672
3.69629
3.50098
3.29102
3.07129
2.8418
2.6123
2.36816
2.12891
1.87988
1.62598
1.37695
1.11816
0.854492
0.595703
0.332031
0.0585938
-0.200195
-0.463867
-0.722656
-0.996094
-1.24512
-1.50879
-1.76758
-2.00684
-2.26074
-2.5
-2.73926
-2.96875
-3.18848
-3.4082
-3.61816
-3.81836
-3.99414
-4.1748
-4.34082
-4.4873
-4.62402
-4.74609
-4.85352
-4.93652
-5.01953
-5.08301
-5.14648
-5.18555
-5.21973
-5.24902
-5.26855
-5.2832
-5.25879
-5.23926
-5.20996
-5.16602
-5.1123
-5.06348
-4.99023
-4.90234
-4.80957
-4.68262
-4.57031
-4.43359
-4.26758
-4.10156
-3.9209
-3.73535
-3.52539
-3.31543
-3.0957
-2.86621
-2.63672
-2.39746
-2.15332
-1.9043
-1.65527
-1.40137
-1.15234
-0.888672
-0.629883
-0.366211
-0.107422
0.15625
0.415039
0.678711
0.9375
1.20117
1.4502
1.69922
1.95313
2.19238
2.43164
2.67578
2.89063
3.11035
3.32031
3.53027
3.7207
3.90625
4.08203
4.24316
4.38965
4.51172
4.63867
4.74121
4.82422
4.91211
4.9707
5.02441
5.06836
5.10742
5.1416
5.16113
5.1709
5.15137
5.11719
5.08789
5.05859
5.00488
4.93164
4.8584
4.77539
4.66797
4.55566
4.42871
4.28223
4.12598
3.9502
3.76953
3.57422
3.36426
3.1543
2.9248
2.69531
2.45605
2.21191
1.96289
1.71387
1.45996
1.21094
0.947266
0.678711
0.415039
0.15625
-0.107422
-0.366211
-0.639648
-0.90332
-1.16211
-1.41113
-1.6748
-1.92383
-2.17773
-2.41699
-2.65625
-2.88574
-3.11523
-3.33496
-3.54492
-3.74512
-3.93066
-4.11133
-4.28711
-4.43359
-4.58008
-4.69727
-4.80957
-4.90234
-4.99023
-5.06348
-5.12207
-5.16602
-5.20996
-5.23926
-5.26855
-5.2832
-5.26855
-5.24902
-5.21973
-5.18555
-5.14648
-5.08301
-5.01953
-4.93652
-4.84375
-4.72656
-4.61426
-4.47754
-4.33105
-4.16016
-3.98438
-3.79883
-3.59863
-3.38867
-3.17871
-2.94922
-2.71973
-2.49023
-2.24121
-1.99707
-1.74805
-1.49902
-1.23535
-0.976563
-0.712891
-0.463867
-0.19043
0.0683594
0.332031
0.595703
0.844727
1.10352
1.36719
1.61621
1.86035
2.10938
2.34863
2.58789
2.80762
3.03711
3.24707
3.45703
3.65723
3.84277
4.02344
4.17969
4.33594
4.47266
4.59473
4.70215
4.80469
4.87793
4.95117
5.00488
5.05859
5.09766
5.11719
5.15137
5.1709
5.15137
5.13184
5.09766
5.06836
5.01465
4.96094
4.8877
4.80469
4.71191
4.59473
4.47266
4.33594
4.17969
4.01367
3.83301
3.63281
3.4375
3.21777
2.99805
2.77832
2.53906
2.29492
2.05566
1.80664
1.54297
1.29395
1.04492
0.78125
0.507813
0.249023
-0.0146484
-0.273438
-0.546875
-0.805664
-1.06934
-1.32813
-1.58203
-1.84082
-2.09473
-2.33398
-2.57324
-2.8125
-3.04199
-3.26172
-3.47168
-3.68164
-3.87207
-4.05762
-4.22363
-4.37988
-4.52637
-4.66309
-4.78027
-4.87305
-4.96582
-5.03906
-5.10254
-5.15625
-5.19531
-5.22949
-5.25879
-5.2832
-5.2832
-5.25879
-5.22949
-5.19531
-5.15625
-5.10254
-5.03906
-4.95605
-4.87305
-4.77051
-4.65332
-4.52637
-4.37012
-4.22363
-4.04785
-3.85742
-3.67188
-3.47168
-3.25195
-3.03223
-2.80273
-2.56348
-2.32422
-2.08008
-1.83105
-1.58203
-1.31836
-1.06934
-0.805664
-0.546875
-0.283203
-0.0244141
0.239258
0.498047
0.761719
1.01074
1.27441
1.52344
1.77246
2.02637
2.26563
2.50488
2.73438
2.9541
3.17383
3.38379
3.59375
3.7793
3.95996
4.12598
4.28223
4.42871
4.55566
4.66797
4.76563
4.8584
4.93164
4.99512
5.04395
5.07813
5.11719
5.1416
5.16113
5.16113
5.1416
5.10742
5.07813
5.03418
4.98535
4.92188
4.84863
4.75098
4.63867
4.51172
4.38965
4.22852
4.07227
3.89648
3.70605
3.51074
3.30078
3.08105
2.85156
2.62207
2.38281
2.13867
1.88965
1.64063
1.38672
1.12793
0.864258
0.605469
0.341797
0.0830078
-0.19043
-0.454102
-0.712891
-0.976563
-1.23535
-1.49902
-1.74805
-1.99707
-2.25098
-2.49023
-2.72949
-2.95898
-3.17871
-3.39844
-3.6084
-3.80859
-3.99414
-4.1748
-4.33105
-4.47754
-4.61426
-4.73633
-4.85352
-4.93652
-5.01953
-5.08301
-5.14648
-5.18555
-5.21973
-5.23926
-5.26855
-5.29297
-5.26855
-5.23926
-5.20996
-5.16602
-5.12207
-5.06348
-4.99023
-4.90234
-4.80957
-4.69727
-4.57031
-4.43359
-4.27734
-4.11133
-3.93066
-3.74512
-3.53516
-3.3252
-3.10547
-2.88574
-2.64648
-2.41699
-2.16797
-1.92383
-1.6748
-1.41113
-1.16211
-0.90332
-0.639648
-0.380859
-0.117188
0.141602
0.405273
0.668945
0.927734
1.17676
1.44043
1.68945
1.93359
2.18262
2.42188
2.65137
2.88086
3.10059
3.31055
3.52051
3.70605
3.89648
4.07227
4.21875
4.375
4.51172
4.62891
4.73145
4.82422
4.89746
4.9707
5.02441
5.06836
5.09766
5.13184
5.16113
5.1709
5.15137
5.13184
5.08789
5.05859
4.99512
4.94141
4.86816
4.78516
4.68262
4.55566
4.42871
4.28223
4.13574
3.95996
3.76953
3.57422
3.37402
3.16406
2.93457
2.70508
2.46582
2.23633
1.98242
1.7334
1.46973
1.2207
0.957031
0.698242
0.43457
0.166016
-0.0976563
-0.356445
-0.620117
-0.878906
-1.14258
-1.40137
-1.66504
-1.91406
-2.16797
-2.40723
-2.64648
-2.87598
-3.10547
-3.3252
-3.53516
-3.73535
-3.93066
-4.11133
-4.27734
-4.43359
-4.57031
-4.69727
-4.80957
-4.90234
-4.99023
-5.06348
-5.1123
-5.16602
-5.20996
-5.22949
-5.25879
-5.2832
-5.26855
-5.24902
-5.21973
-5.18555
-5.14648
-5.09277
-5.01953
-4.93652
-4.85352
-4.73633
-4.61426
-4.4873
-4.33105
-4.1748
-3.99414
-3.80859
-3.6084
-3.39844
-3.18848
-2.95898
-2.72949
-2.49023
-2.25098
-2.00684
-1.75781
-1.50879
-1.24512
-0.996094
-0.722656
-0.473633
-0.209961
0.0488281
0.3125
0.571289
0.834961
1.09375
1.35742
1.60645
1.8457
2.09961
2.33887
2.56836
2.80762
3.02734
3.24707
3.44727
3.64746
3.83301
4.01367
4.17969
4.32617
4.47266
4.58496
4.70215
4.79492
4.87793
4.94141
5.00488
5.05859
5.09766
5.11719
5.15137
5.1709
5.16113
5.13184
5.09766
5.06836
5.01465
4.96094
4.8877
4.80469
4.71191
4.59473
4.47266
4.33594
4.17969
4.01367
3.83301
3.64746
3.4375
3.22754
3.00781
2.78809
2.54883
2.30957
2.06543
1.81641
1.55273
1.30371
1.04492
0.78125
0.522461
0.258789
0
-0.263672
-0.537109
-0.795898
-1.05957
-1.31836
-1.57227
-1.83105
-2.07031
-2.32422
-2.56348
-2.80273
-3.03223
-3.25195
-3.47168
-3.68164
-3.87207
-4.04785
-4.22363
-4.37988
-4.52637
-4.65332
-4.77051
-4.87305
-4.95605
-5.03906
-5.10254
-5.15625
-5.19531
-5.22949
-5.25879
-5.26855
-5.26855
-5.25879
-5.22949
-5.19531
-5.15625
-5.10254
-5.03906
-4.96582
-4.87305
-4.78027
-4.66309
-4.52637
-4.37988
-4.22363
-4.05762
-3.87207
-3.68164
-3.47168
-3.26172
-3.04199
-2.8125
-2.57324
-2.34375
-2.09473
-1.84082
-1.5918
-1.33789
-1.0791
-0.81543
-0.556641
-0.292969
-0.0341797
0.229492
0.488281
0.751953
1.00098
1.26465
1.51367
1.7627
2.0166
2.25586
2.49512
2.72461
2.9541
3.16406
3.37402
3.58398
3.76953
3.9502
4.12598
4.27246
4.41895
4.5459
4.6582
4.76563
4.84863
4.92188
4.98535
5.03418
5.07813
5.10742
5.1416
5.16113
5.16113
5.1416
5.11719
5.07813
5.03418
4.98535
4.92188
4.84863
4.75098
4.63867
4.52148
4.38965
4.24316
4.07227
3.90625
3.70605
3.51074
3.30078
3.09082
2.86133
2.63184
2.39258
2.14844
1.89941
1.65039
1.39648
1.1377
0.874023
0.615234
0.351563
0.0830078
-0.170898
-0.439453
-0.712891
-0.976563
-1.22559
-1.48438
-1.73828
-1.99707
-2.24121
-2.48047
-2.71973
-2.94922
-3.17871
-3.38867
-3.59863
-3.80859
-3.98438
-4.16016
-4.32129
-4.47754
-4.61426
-4.72656
-4.84375
-4.93652
-5.01953
-5.08301
-5.13672
-5.18555
-5.21973
-5.24902
-5.26855
-5.29297
-5.26855
-5.23926
-5.20996
-5.17578
-5.12207
-5.06348
-4.99023
-4.91699
-4.80957
-4.70703
-4.58008
-4.43359
-4.27734
-4.11133
-3.93066
-3.75488
-3.55469
-3.33496
-3.11523
-2.88574
-2.65625
-2.42676
-2.17773
-1.92383
-1.68457
-1.42578
-1.17188
-0.913086
-0.649414
-0.390625
-0.126953
0.141602
0.395508
0.654297
0.917969
1.16699
1.43066
1.67969
1.93359
2.17285
2.41211
2.6416
2.87109
3.09082
3.30078
3.51074
3.70605
3.88672
4.0625
4.21875
4.375
4.50195
4.62891
4.73145
4.82422
4.89746
4.96094
5.01465
5.06836
5.09766
5.13184
5.15137
5.1709
5.15137
5.11719
5.08789
5.05859
5.00488
4.94141
4.86816
4.78516
4.68262
4.56543
4.42871
4.29199
4.13574
3.95996
3.7793
3.58398
3.37402
3.16406
2.93457
2.70508
2.47559
2.23633
1.98242
1.7334
1.47949
1.2207
0.957031
0.698242
0.43457
0.175781
-0.0878906
-0.356445
-0.620117
-0.878906
-1.14258
-1.40137
-1.65527
-1.9043
-2.15332
-2.39746
-2.63672
-2.87598
-3.10547
-3.3252
-3.53516
-3.73535
-3.9209
-4.10156
-4.26758
-4.43359
-4.57031
-4.69727
-4.80957
-4.90234
-4.99023
-5.06348
-5.1123
-5.16602
-5.20996
-5.23926
-5.25879
-5.2832
-5.26855
-5.24902
-5.21973
-5.18555
-5.14648
-5.08301
-5.01953
-4.93652
-4.85352
-4.73633
-4.62402
-4.4873
-4.34082
-4.1748
-3.99414
-3.81836
-3.6084
-3.4082
-3.18848
-2.96875
-2.72949
-2.5
-2.26074
-2.00684
-1.75781
-1.50879
-1.24512
-0.996094
-0.732422
-0.473633
-0.209961
0.0488281
0.3125
0.571289
0.834961
1.08398
1.34766
1.59668
1.8457
2.08984
2.33887
2.56836
2.79785
3.01758
3.2373
3.44727
3.64746
3.83301
4.01367
4.17969
4.32617
4.46289
4.58496
4.69238
4.79492
4.87793
4.94141
5.00488
5.05859
5.08789
5.13184
5.15137
5.1709
5.16113
5.1416
5.09766
5.06836
5.01465
4.96094
4.8877
4.81445
4.72168
4.60938
4.48242
4.3457
4.17969
4.02344
3.84277
3.65723
3.44727
3.2373
3.01758
2.79785
2.55859
2.31934
2.0752
1.82617
1.57715
1.31348
1.05469
0.791016
0.532227
0.268555
0
-0.263672
-0.527344
-0.786133
-1.0498
-1.30859
-1.55762
-1.82129
-2.07031
-2.31445
-2.55371
-2.79297
-3.02246
-3.24219
-3.46191
-3.66211
-3.85742
-4.03809
-4.21387
-4.37012
-4.5166
-4.65332
-4.77051
-4.87305
-4.95605
-5.0293
-5.10254
-5.15625
-5.19531
-5.22949
-5.24902
-5.26855
-5.2832
-5.25879
-5.22949
-5.19531
-5.15625
-5.1123
-5.03906
-4.96582
-4.88281
-4.78027
-4.66309
-4.54102
-4.39453
-4.22363
-4.05762
-3.88184
-3.68164
-3.48145
-3.26172
-3.04199
-2.82227
-2.58301
-2.34375
-2.10449
-1.85059
-1.5918
-1.33789
-1.08887
-0.830078
-0.566406
-0.307617
-0.0439453
0.214844
0.478516
0.737305
1.00098
1.25
1.51367
1.7627
2.00684
2.24609
2.48535
2.71484
2.94434
3.16406
3.37402
3.57422
3.76953
3.9502
4.11621
4.27246
4.41895
4.5459
4.6582
4.76563
4.84863
4.92188
4.98535
5.03418
5.07813
5.10742
5.1416
5.16113
5.16113
5.1416
5.11719
5.07813
5.03418
4.98535
4.92188
4.84863
4.75098
4.64844
4.52148
4.38965
4.24316
4.08203
3.90625
3.7207
3.52051
3.31055
3.09082
2.87109
2.6416
2.40234
2.16309
1.90918
1.66016
1.40625
1.14746
0.883789
0.625
0.361328
0.0927734
-0.170898
-0.429688
-0.693359
-0.961914
-1.21582
-1.47461
-1.72852
-1.9873
-2.22656
-2.48047
-2.70996
-2.93945
-3.16895
-3.38867
-3.59863
-3.79883
-3.97461
-4.15039
-4.32129
-4.47754
-4.59961
-4.72656
-4.84375
-4.93652
-5.00977
-5.07324
-5.13672
-5.17578
-5.21973
-5.23926
-5.26855
-5.29297
-5.26855
-5.23926
-5.20996
-5.17578
-5.12207
-5.06348
-5
-4.91699
-4.81934
-4.70703
-4.58008
-4.44336
-4.28711
-4.12109
-3.94531
-3.75488
-3.55469
-3.33496
-3.12988
-2.89551
-2.66602
-2.42676
-2.1875
-1.93848
-1.68457
-1.42578
-1.17188
-0.922852
-0.65918
-0.390625
-0.126953
0.131836
0.395508
0.654297
0.908203
1.16699
1.4209
1.66992
1.91895
2.16309
2.40234
2.63184
2.87109
3.09082
3.30078
3.51074
3.69629
3.88672
4.05273
4.21875
4.36523
4.50195
4.62891
4.73145
4.82422
4.89746
4.96094
5.01465
5.06836
5.09766
5.13184
5.15137
5.1709
5.15137
5.13184
5.09766
5.05859
5.00488
4.94141
4.86816
4.78516
4.68262
4.5752
4.43848
4.29199
4.13574
3.96973
3.7793
3.58398
3.38379
3.16406
2.94434
2.71484
2.48535
2.24609
1.99219
1.74316
1.49414
1.23047
0.981445
0.708008
0.449219
0.185547
-0.0878906
-0.34668
-0.610352
-0.869141
-1.13281
-1.38184
-1.64551
-1.89453
-2.15332
-2.39746
-2.63672
-2.86621
-3.0957
-3.31543
-3.52539
-3.72559
-3.9209
-4.10156
-4.26758
-4.42383
-4.56055
-4.68262
-4.7998
-4.89258
-4.99023
-5.06348
-5.12207
-5.16602
-5.20996
-5.22949
-5.25879
-5.2832
-5.26855
-5.24902
-5.22949
-5.18555
-5.14648
-5.09277
-5.01953
-4.94629
-4.85352
-4.74609
-4.62402
-4.4873
-4.34082
-4.18457
-4.00391
-3.81836
-3.61816
-3.41797
-3.20313
-2.9834
-2.74902
-2.50977
-2.26074
-2.02148
-1.76758
-1.51855
-1.25488
-1.00586
-0.742188
-0.483398
-0.219727
0.0390625
0.302734
0.561523
0.810547
1.07422
1.33789
1.58691
1.83594
2.0752
2.31934
2.55859
2.78809
3.01758
3.2373
3.4375
3.63281
3.82324
3.99902
4.16992
4.31641
4.46289
4.58496
4.69238
4.78516
4.86816
4.94141
5.00488
5.04395
5.09766
5.11719
5.1416
5.1709
5.16113
5.1416
5.10742
5.07813
5.02441
4.9707
4.91211
4.82422
4.73145
4.62891
4.50195
4.36523
4.20898
4.04297
3.87695
3.67676
3.48633
3.27148
3.05176
2.83203
2.58789
2.3584
2.10938
1.87012
1.60645
1.35742
1.09375
0.834961
0.571289
0.3125
0.0390625
-0.219727
-0.483398
-0.756836
-1.01563
-1.26953
-1.52832
-1.77734
-2.03125
-2.28027
-2.51953
-2.76367
-2.99316
-3.21289
-3.43262
-3.6377
-3.82813
-4.01367
-4.18457
-4.35059
-4.49707
-4.63379
-4.75586
-4.85352
-4.94629
-5.0293
-5.09277
-5.14648
-5.18555
-5.21973
-5.24902
-5.26855
-5.2832
-5.25879
-5.23926
-5.19531
-5.16602
-5.1123
-5.04883
-4.97559
-4.89258
-4.7998
-4.68262
-4.56055
-4.41406
-4.25781
-4.08691
-3.90137
-3.71094
-3.51563
-3.30566
-3.08594
-2.84668
-2.61719
-2.3877
-2.14355
-1.88477
-1.64551
-1.38184
-1.13281
-0.869141
-0.610352
-0.34668
-0.0878906
0.175781
0.43457
0.698242
0.957031
1.21094
1.46973
1.72363
1.96289
2.21191
2.45605
2.68555
2.91504
3.13477
3.34473
3.54004
3.74023
3.91602
4.09668
4.25293
4.38965
4.52148
4.63867
4.74121
4.83887
4.91211
4.9707
5.02441
5.07813
5.10742
5.1416
5.16113
5.1709
5.15137
5.11719
5.08789
5.04395
4.99512
4.93164
4.8584
4.76563
4.66797
4.5459
4.41895
4.2627
4.10645
3.94043
3.75
3.5498
3.35449
3.13477
2.91504
2.67578
2.44141
2.19238
1.95313
1.69922
1.44043
1.17676
0.927734
0.668945
0.395508
0.131836
-0.126953
-0.390625
-0.65918
-0.922852
-1.17188
-1.43555
-1.68457
-1.94824
-2.1875
-2.43652
-2.67578
-2.91016
-3.13965
-3.34473
-3.55469
-3.76465
-3.95508
-4.13086
-4.29688
-4.44336
-4.58984
-4.70703
-4.81934
-4.91699
-5
-5.06348
-5.12207
-5.17578
-5.20996
-5.23926
-5.26855
-5.2832
-5.26855
-5.23926
-5.21973
-5.17578
-5.13672
-5.08301
-5.00977
-4.93652
-4.8291
-4.72656
-4.59961
-4.46777
-4.30664
-4.15039
-3.97461
-3.78418
-3.58887
-3.36914
-3.15918
-2.92969
-2.7002
-2.4707
-2.2168
-1.97754
-1.72852
-1.47461
-1.21582
-0.961914
-0.693359
-0.429688
-0.170898
0.0927734
0.351563
0.615234
0.864258
1.12793
1.37695
1.62598
1.87988
2.12891
2.36816
2.60254
2.83203
3.05176
3.27148
3.47656
3.67676
3.85254
4.0332
4.18945
4.3457
4.48242
4.59473
4.71191
4.80469
4.8877
4.95117
5.01465
5.05859
5.09766
5.13184
5.15137
5.16113
5.15137
5.13184
5.09766
5.05859
5.01465
4.95117
4.87793
4.80469
4.70215
4.58496
4.46289
4.32617
4.16992
3.99902
3.81348
3.62305
3.42773
3.20801
2.98828
2.75879
2.51465
2.27539
2.03613
1.78711
1.5332
1.27441
1.01074
0.761719
0.488281
0.229492
-0.0341797
-0.292969
-0.566406
-0.830078
-1.08887
-1.33789
-1.60156
-1.85059
-2.10449
-2.35352
-2.59277
-2.82227
-3.05664
-3.27637
-3.48145
-3.69141
-3.8916
-4.06738
-4.2334
-4.39453
-4.54102
-4.66309
-4.78027
-4.88281
-4.97559
-5.03906
-5.10254
-5.15625
-5.19531
-5.22949
-5.25879
-5.2832
-5.2832
-5.25879
-5.22949
-5.19531
-5.15625
-5.09277
-5.0293
-4.95605
-4.86328
-4.75586
-4.64355
-4.5166
-4.36035
-4.2041
-4.03809
-3.84766
-3.66211
-3.45215
-3.24219
-3.0127
-2.7832
-2.55371
-2.31445
-2.06055
-1.81152
-1.55762
-1.30859
-1.0498
-0.786133
-0.527344
-0.263672
0
0.258789
0.522461
0.78125
1.03027
1.29395
1.54297
1.79688
2.03613
2.28516
2.51465
2.74414
2.97852
3.19824
3.40332
3.60352
3.79395
3.96973
4.13574
4.29199
4.43848
4.56543
4.68262
4.77539
4.8584
4.93164
4.99512
5.04395
5.08789
5.11719
5.1416
5.16113
5.16113
5.1416
5.10742
5.07813
5.03418
4.9707
4.91211
4.83887
4.74121
4.62891
4.51172
4.375
4.21875
4.05273
3.88672
3.68652
3.48633
3.28125
3.06152
2.83203
2.60254
2.36816
2.11914
1.87012
1.61621
1.36719
1.10352
0.844727
0.581055
0.322266
0.0585938
-0.200195
-0.473633
-0.732422
-0.996094
-1.25488
-1.50879
-1.76758
-2.02148
-2.27051
-2.50977
-2.74902
-2.96875
-3.20313
-3.41797
-3.61816
-3.81836
-4.00391
-4.18457
-4.34082
-4.4873
-4.62402
-4.74609
-4.85352
-4.93652
-5.01953
-5.08301
-5.14648
-5.18555
-5.21973
-5.24902
-5.26855
-5.2832
-5.25879
-5.23926
-5.19531
-5.16602
-5.1123
-5.06348
-4.99023
-4.89258
-4.7998
-4.68262
-4.56055
-4.42383
-4.26758
-4.10156
-3.9209
-3.72559
-3.52539
-3.31543
-3.0957
-2.86621
-2.63672
-2.3877
-2.14355
-1.89453
-1.64551
-1.3916
-1.14258
-0.878906
-0.620117
-0.356445
-0.0976563
0.166016
0.424805
0.688477
0.947266
1.20117
1.45996
1.71387
1.96289
2.20215
2.44141
2.67578
2.89063
3.125
3.33008
3.54004
3.73047
3.91602
4.08203
4.24316
4.38965
4.51172
4.63867
4.74121
4.82422
4.91211
4.9707
5.02441
5.06836
5.10742
5.1416
5.16113
5.1709
5.15137
5.11719
5.08789
5.04395
4.99512
4.93164
4.8584
4.77539
4.66797
4.55566
4.41895
4.27246
4.11621
3.94043
3.75977
3.55957
3.35449
3.14453
2.91504
2.69531
2.45605
2.21191
1.96289
1.71387
1.45996
1.20117
0.9375
0.678711
0.415039
0.141602
-0.117188
-0.380859
-0.639648
-0.913086
-1.17188
-1.42578
-1.68457
-1.92383
-2.17773
-2.42676
-2.66602
-2.89551
-3.12988
-3.34473
-3.55469
-3.75488
-3.94531
-4.12109
-4.28711
-4.44336
-4.58008
-4.70703
-4.81934
-4.91699
-5
-5.06348
-5.12207
-5.16602
-5.20996
-5.23926
-5.26855
-5.2832
-5.26855
-5.24902
-5.21973
-5.18555
-5.13672
-5.08301
-5.01953
-4.93652
-4.84375
-4.72656
-4.61426
-4.47754
-4.32129
-4.15039
-3.98438
-3.79883
-3.59863
-3.38867
-3.16895
-2.94922
-2.71973
-2.48047
-2.22656
-1.9873
-1.73828
-1.48438
-1.22559
-0.976563
-0.712891
-0.454102
-0.19043
0.0830078
0.341797
0.595703
0.854492
1.11816
1.36719
1.61621
1.87012
2.11914
2.3584
2.58789
2.81738
3.03711
3.25684
3.4668
3.66699
3.84277
4.02344
4.18945
4.33594
4.47266
4.59473
4.71191
4.80469
4.87793
4.95117
5.01465
5.05859
5.09766
5.13184
5.15137
5.1709
5.16113
5.13184
5.09766
5.05859
5.01465
4.96094
4.8877
4.80469
4.70215
4.59473
4.47266
4.32617
4.17969
4.01367
3.82324
3.63281
3.42773
3.21777
2.99805
2.76855
2.53906
2.29492
2.0459
1.79688
1.54297
1.29395
1.03027
0.771484
0.498047
0.239258
-0.0244141
-0.283203
-0.556641
-0.81543
-1.0791
-1.33789
-1.5918
-1.84082
-2.09473
-2.34375
-2.58301
-2.8125
-3.04199
-3.26172
-3.48145
-3.68164
-3.87207
-4.05762
-4.22363
-4.39453
-4.52637
-4.66309
-4.78027
-4.88281
-4.96582
-5.03906
-5.10254
-5.15625
-5.19531
-5.22949
-5.24902
-5.26855
-5.2832
-5.25879
-5.22949
-5.19531
-5.15625
-5.10254
-5.03906
-4.95605
-4.87305
-4.77051
-4.65332
-4.5166
-4.37012
-4.21387
-4.03809
-3.85742
-3.66211
-3.46191
-3.24219
-3.02246
-2.80273
-2.55371
-2.31445
-2.07031
-1.82129
-1.57227
-1.31836
-1.05957
-0.805664
-0.546875
-0.273438
-0.0146484
0.249023
0.507813
0.771484
1.03027
1.28418
1.5332
1.78711
2.03613
2.27539
2.50488
2.74414
2.96387
3.18359
3.39355
3.59375
3.79395
3.96973
4.13574
4.29199
4.42871
4.55566
4.66797
4.77539
4.8584
4.93164
4.99512
5.04395
5.08789
5.10742
5.1416
5.16113
5.16113
5.1416
5.10742
5.07813
5.03418
4.9707
4.91211
4.83887
4.74121
4.63867
4.51172
4.375
4.21875
4.0625
3.88672
3.69629
3.50098
3.29102
3.07129
2.8418
2.6123
2.36816
2.12891
1.87988
1.62598
1.37695
1.11816
0.854492
0.595703
0.332031
0.0585938
-0.200195
-0.463867
-0.722656
-0.986328
-1.24512
-1.50879
-1.75781
-2.00684
-2.26074
-2.50977
-2.73926
-2.96875
-3.18848
-3.4082
-3.61816
-3.81836
-4.00391
-4.1748
-4.34082
-4.4873
-4.62402
-4.73633
-4.85352
-4.93652
-5.01953
-5.08301
-5.14648
-5.18555
-5.21973
-5.24902
-5.26855
-5.2832
-5.25879
-5.23926
-5.20996
-5.17578
-5.1123
-5.06348
-4.99023
-4.90234
-4.80957
-4.69727
-4.57031
-4.42383
-4.26758
-4.10156
-3.9209
-3.73535
-3.52539
-3.31543
-3.0957
-2.87598
-2.64648
-2.40723
-2.16797
-1.91406
-1.66504
-1.40137
-1.15234
-0.888672
-0.629883
-0.366211
-0.107422
0.15625
0.415039
0.678711
0.9375
1.19141
1.4502
1.69922
1.94336
2.19238
2.42188
2.66113
2.89063
3.11035
3.32031
3.53027
3.7207
3.90625
4.08203
4.24316
4.38965
4.51172
4.63867
4.74121
4.83887
4.91211
4.9707
5.02441
5.06836
5.09766
5.13184
5.15137
5.1709
5.15137
5.11719
5.08789
5.04395
5.00488
4.94141
4.86816
4.77539
4.68262
4.55566
4.42871
4.28223
4.12598
3.9502
3.76953
3.57422
3.36426
3.1543
2.9248
2.69531
2.46582
2.22168
1.97266
1.72363
1.46973
1.21094
0.947266
0.698242
0.424805
0.166016
-0.107422
-0.366211
-0.629883
-0.888672
-1.15234
-1.41113
-1.66504
-1.92383
-2.17773
-2.41699
-2.65625
-2.88574
-3.10547
-3.33496
-3.53516
-3.74512
-3.93066
-4.11133
-4.27734
-4.43359
-4.57031
-4.69727
-4.80957
-4.90234
-4.99023
-5.06348
-5.12207
-5.16602
-5.20996
-5.23926
-5.25879
-5.2832
-5.26855
-5.24902
-5.21973
-5.18555
-5.13672
-5.08301
-5.01953
-4.93652
-4.84375
-4.73633
-4.61426
-4.47754
-4.33105
-4.16016
-3.98438
-3.80859
-3.59863
-3.39844
-3.17871
-2.94922
-2.71973
-2.49023
-2.25098
-1.99707
-1.74805
-1.49902
-1.23535
-0.986328
-0.722656
-0.463867
-0.200195
0.0585938
0.322266
0.581055
0.844727
1.10352
1.35742
1.60645
1.86035
2.09961
2.33887
2.57813
2.80762
3.02734
3.24707
3.45703
3.65723
3.84277
4.01367
4.17969
4.33594
4.47266
4.59473
4.70215
4.79492
4.87793
4.95117
5.00488
5.05859
5.09766
5.13184
5.15137
5.1709
5.16113
5.1416
5.09766
5.06836
5.01465
4.96094
4.8877
4.80469
4.71191
4.59473
4.47266
4.32617
4.17969
4.01367
3.83301
3.63281
3.4375
3.22754
3.00781
2.77832
2.53906
2.29492
2.05566
1.80664
1.55273
1.29395
1.03027
0.771484
0.507813
0.249023
-0.0146484
-0.273438
-0.546875
-0.805664
-1.05957
-1.32813
-1.58203
-1.83105
-2.09473
-2.33398
-2.57324
-2.8125
-3.03223
-3.26172
-3.47168
-3.68164
-3.87207
-4.05762
-4.22363
-4.39453
-4.52637
-4.65332
-4.78027
-4.87305
-4.96582
-5.03906
-5.10254
-5.15625
-5.19531
-5.22949
-5.25879
-5.2832
-5.2832
-5.25879
-5.22949
-5.19531
-5.15625
-5.10254
-5.03906
-4.96582
-4.87305
-4.78027
-4.65332
-4.52637
-4.37988
-4.21387
-4.04785
-3.85742
-3.67188
-3.46191
-3.25195
-3.02246
-2.80273
-2.56348
-2.32422
-2.08008
-1.83105
-1.58203
-1.32813
-1.06934
-0.805664
-0.546875
-0.283203
-0.0244141
0.239258
0.498047
0.761719
1.01074
1.27441
1.52344
1.78711
2.02637
2.26563
2.50488
2.73438
2.9541
3.17383
3.38379
3.58398
3.7793
3.96973
4.12598
4.28223
4.42871
4.55566
4.66797
4.76563
4.8584
4.93164
4.99512
5.04395
5.07813
5.11719
5.1416
5.16113
5.16113
5.1416
5.10742
5.07813
5.03418
4.98535
4.92188
4.83887
4.75098
4.63867
4.51172
4.375
4.22852
4.07227
3.89648
3.70605
3.51074
3.30078
3.08105
2.85156
2.62207
2.38281
2.13867
1.88965
1.64063
1.38672
1.12793
0.864258
0.605469
0.341797
0.0830078
-0.19043
-0.454102
-0.712891
-0.976563
-1.23535
-1.49902
-1.74805
-1.99707
-2.25098
-2.5
-2.72949
-2.95898
-3.17871
-3.39844
-3.6084
-3.80859
-3.99414
-4.1748
-4.33105
-4.4873
-4.61426
-4.73633
-4.84375
-4.93652
-5.01953
-5.08301
-5.13672
-5.18555
-5.21973
-5.24902
-5.26855
-5.29297
-5.26855
-5.23926
-5.20996
-5.17578
-5.12207
-5.06348
-4.99023
-4.90234
-4.80957
-4.69727
-4.57031
-4.43359
-4.27734
-4.11133
-3.93066
-3.74512
-3.53516
-3.3252
-3.10547
-2.88574
-2.64648
-2.41699
-2.16797
-1.92383
-1.66504
-1.41113
-1.16211
-0.90332
-0.639648
-0.380859
-0.117188
0.141602
0.415039
0.668945
0.927734
1.19141
1.44043
1.68945
1.93359
2.18262
2.42188
2.65137
2.88086
3.10059
3.31055
3.52051
3.70605
3.89648
4.07227
4.22852
4.375
4.51172
4.62891
4.73145
4.82422
4.91211
4.96094
5.02441
5.06836
5.09766
5.13184
5.15137
5.1709
5.15137
5.11719
5.08789
5.04395
5.00488
4.94141
4.8584
4.77539
4.68262
4.55566
4.42871
4.28223
4.12598
3.95996
3.76953
3.57422
3.37402
3.1543
2.9248
2.70508
2.46582
2.22168
1.97266
1.72363
1.46973
1.21094
0.957031
0.688477
0.424805
0.166016
-0.0976563
-0.366211
-0.629883
-0.888672
-1.15234
-1.41113
-1.6748
-1.92383
-2.17773
-2.41699
-2.64648
-2.88574
-3.11523
-3.3252
-3.53516
-3.74512
-3.93066
-4.11133
-4.27734
-4.43359
-4.57031
-4.69727
-4.80957
-4.90234
-4.99023
-5.06348
-5.12207
-5.16602
-5.20996
-5.23926
-5.25879
-5.2832
-5.26855
-5.24902
-5.21973
-5.18555
-5.13672
-5.08301
-5.01953
-4.93652
-4.84375
-4.73633
-4.61426
-4.47754
-4.33105
-4.16016
-3.99414
-3.80859
-3.6084
-3.39844
-3.17871
-2.95898
-2.71973
-2.49023
-2.25098
-1.99707
-1.74805
-1.49902
-1.24512
-0.986328
-0.722656
-0.463867
-0.200195
0.0585938
0.322266
0.581055
0.844727
1.10352
1.35742
1.60645
1.86035
2.09961
2.33887
2.57813
2.80762
3.02734
3.24707
3.45703
3.65723
3.84277
4.01367
4.17969
4.32617
4.47266
4.59473
4.70215
4.79492
4.87793
4.94141
5.00488
5.05859
5.09766
5.13184
5.15137
5.1709
5.16113
5.1416
5.09766
5.06836
5.01465
4.96094
4.8877
4.80469
4.71191
4.60938
4.47266
4.33594
4.17969
4.01367
3.83301
3.64746
3.4375
3.22754
3.00781
2.77832
2.54883
2.30957
2.06543
1.81641
1.55273
1.30371
1.04492
0.78125
0.522461
0.258789
-0.0146484
-0.273438
-0.537109
-0.795898
-1.05957
-1.31836
-1.58203
-1.83105
-2.08008
-2.33398
-2.57324
-2.80273
-3.03223
-3.25195
-3.47168
-3.67188
-3.85742
-4.04785
-4.22363
-4.37988
-4.52637
-4.65332
-4.77051
-4.87305
-4.96582
-5.03906
-5.10254
-5.15625
-5.19531
-5.22949
-5.25879
-5.26855
-5.2832
-5.25879
-5.22949
-5.19531
-5.15625
-5.10254
-5.03906
-4.96582
-4.87305
-4.78027
-4.65332
-4.52637
-4.37988
-4.22363
-4.05762
-3.87207
-3.68164
-3.47168
-3.26172
-3.03223
-2.8125
-2.57324
-2.33398
-2.09473
-1.84082
-1.5918
-1.32813
-1.0791
-0.81543
-0.556641
-0.292969
-0.0341797
0.229492
0.488281
0.751953
1.01074
1.26465
1.51367
1.7627
2.0166
2.25586
2.49512
2.72461
2.9541
3.16406
3.38379
3.58398
3.76953
3.95996
4.12598
4.27246
4.41895
4.5459
4.66797
4.76563
4.84863
4.92188
4.99512
5.03418
5.07813
5.11719
5.1416
5.16113
5.1709
5.1416
5.11719
5.07813
5.04395
4.99512
4.93164
4.84863
4.76563
4.6582
4.53613
4.40918
4.25293
4.09668
3.91602
3.74023
3.54004
3.33008
3.125
2.89063
2.66113
2.42188
2.17285
1.93359
1.67969
1.4209
1.16699
0.908203
0.644531
0.385742
0.12207
-0.146484
-0.419922
-0.668945
-0.932617
-1.19629
-1.45508
-1.71875
-1.96777
-2.20703
-2.44629
-2.69043
-2.92969
-3.14941
-3.36914
-3.5791
-3.77441
-3.96484
-4.14063
-4.30664
-4.45313
-4.59961
-4.72656
-4.8291
-4.92676
-5.00977
-5.07324
-5.12207
-5.17578
-5.20996
-5.23926
-5.26855
-5.2832
-5.26855
-5.23926
-5.21973
-5.17578
-5.12207
-5.07324
-5.00977
-4.92676
-4.81934
-4.7168
-4.58984
-4.45313
-4.29688
-4.14063
-3.95508
-3.77441
-3.56445
-3.36914
-3.14941
-2.91992
-2.69043
-2.44629
-2.20703
-1.95801
-1.71875
-1.45508
-1.19629
-0.942383
-0.683594
-0.419922
-0.161133
0.112305
0.361328
0.625
0.883789
1.14746
1.39648
1.65039
1.89941
2.13867
2.38281
2.62207
2.8418
3.07129
3.29102
3.48633
3.68652
3.87695
4.04297
4.20898
4.35547
4.49219
4.60938
4.72168
4.80469
4.8877
4.96094
5.01465
5.05859
5.09766
5.13184
5.15137
5.1709
5.15137
5.13184
5.09766
5.05859
5.00488
4.95117
4.87793
4.79492
4.69238
4.5752
4.44824
4.30176
4.15527
3.97949
3.80371
3.60352
3.40332
3.18359
2.96387
2.73438
2.50488
2.25586
2.0166
1.7627
1.50391
1.25
1.00098
0.727539
0.46875
0.205078
-0.0537109
-0.327148
-0.585938
-0.849609
-1.1084
-1.37207
-1.62109
-1.88477
-2.13379
-2.37305
-2.61719
-2.84668
-3.07617
-3.30566
-3.51563
-3.71094
-3.90137
-4.08691
-4.25781
-4.41406
-4.55078
-4.68262
-4.79004
-4.89258
-4.97559
-5.04883
-5.1123
-5.16602
-5.19531
-5.22949
-5.25879
-5.2832
-5.26855
-5.25879
-5.22949
-5.18555
-5.14648
-5.09277
-5.0293
-4.94629
-4.86328
-4.75586
-4.63379
-4.49707
-4.35059
-4.18457
-4.01367
-3.83789
-3.6377
-3.43262
-3.22266
-2.99316
-2.76367
-2.51953
-2.28027
-2.04102
-1.79199
-1.53809
-1.2793
-1.01563
-0.766602
-0.50293
-0.244141
0.0195313
0.27832
0.541992
0.800781
1.06445
1.31348
1.56738
1.81641
2.06543
2.30957
2.54883
2.77832
2.99805
3.20801
3.42773
3.62305
3.81348
3.98926
4.15527
4.30176
4.44824
4.5752
4.68262
4.78516
4.8584
4.94141
4.99512
5.04395
5.08789
5.11719
5.1416
5.16113
5.16113
5.1416
5.10742
5.07813
5.02441
4.9707
4.91211
4.82422
4.73145
4.61914
4.49219
4.35547
4.20898
4.04297
3.86719
3.67676
3.4668
3.25684
3.05176
2.81738
2.58789
2.33887
2.09961
1.8457
1.59668
1.34766
1.08398
0.825195
0.561523
0.302734
0.0292969
-0.234375
-0.493164
-0.756836
-1.01563
-1.2793
-1.52832
-1.79199
-2.04102
-2.29004
-2.53418
-2.77344
-3.00293
-3.22266
-3.43262
-3.6377
-3.83789
-4.01367
-4.19434
-4.36035
-4.50684
-4.63379
-4.75586
-4.86328
-4.94629
-5.0293
-5.09277
-5.14648
-5.18555
-5.22949
-5.24902
-5.26855
-5.2832
-5.25879
-5.23926
-5.20996
-5.16602
-5.1123
-5.04883
-4.97559
-4.89258
-4.79004
-4.68262
-4.55078
-4.41406
-4.25781
-4.07715
-3.90137
-3.70117
-3.50586
-3.2959
-3.07617
-2.84668
-2.61719
-2.37305
-2.12402
-1.88477
-1.62109
-1.37207
-1.1084
-0.859375
-0.600586
-0.336914
-0.0732422
0.185547
0.458984
0.708008
0.97168
1.23047
1.47949
1.7334
1.98242
2.22168
2.46582
2.69531
2.91504
3.13477
3.35449
3.5498
3.75
3.92578
4.09668
4.25293
4.39941
4.53613
4.64844
4.75098
4.83887
4.91211
4.9707
5.03418
5.07813
5.10742
5.1416
5.16113
5.1709
5.1416
5.11719
5.08789
5.04395
4.99512
4.93164
4.84863
4.76563
4.6582
4.5459
4.40918
4.2627
4.10645
3.92578
3.74023
3.54004
3.34473
3.125
2.90527
2.67578
2.43164
2.18262
1.94336
1.68945
1.43066
1.17676
0.917969
0.654297
0.395508
0.12207
-0.136719
-0.400391
-0.668945
-0.922852
-1.18164
-1.44531
-1.7041
-1.94824
-2.19727
-2.44629
-2.67578
-2.91992
-3.14941
-3.35938
-3.56445
-3.77441
-3.95508
-4.14063
-4.30664
-4.45313
-4.58984
-4.7168
-4.81934
-4.91699
-5.00977
-5.07324
-5.12207
-5.17578
-5.20996
-5.23926
-5.25879
-5.2832
-5.26855
-5.23926
-5.21973
-5.17578
-5.12207
-5.07324
-5.00977
-4.92676
-4.8291
-4.72656
-4.59961
-4.45313
-4.30664
-4.14063
-3.96484
-3.77441
-3.5791
-3.36914
-3.14941
-2.92969
-2.69043
-2.46094
-2.20703
-1.96777
-1.71875
-1.46484
-1.20605
-0.942383
-0.693359
-0.429688
-0.161133
0.102539
0.361328
0.625
0.874023
1.1377
1.39648
1.65039
1.88965
2.13867
2.38281
2.6123
2.8418
3.07129
3.27148
3.48633
3.67676
3.86719
4.04297
4.19922
4.3457
4.48242
4.60938
4.71191
4.80469
4.8877
4.96094
5.01465
5.05859
5.09766
5.13184
5.15137
5.1709
5.15137
5.13184
5.09766
5.05859
5.01465
4.95117
4.87793
4.79492
4.70215
4.58496
4.46289
4.31641
4.15527
3.98926
3.81348
3.61328
3.41309
3.19824
2.97852
2.74414
2.50488
2.27539
2.02637
1.77246
1.52344
1.26465
1.00098
0.751953
0.488281
0.214844
-0.0439453
-0.307617
-0.576172
-0.839844
-1.09863
-1.35254
-1.61133
-1.86523
-2.11426
-2.36328
-2.60742
-2.84668
-3.06641
-3.28613
-3.50586
-3.70117
-3.8916
-4.07715
-4.24805
-4.4043
-4.55078
-4.67285
-4.79004
-4.88281
-4.97559
-5.04883
-5.1123
-5.15625
-5.19531
-5.22949
-5.25879
-5.2832
-5.26855
-5.25879
-5.22949
-5.19531
-5.14648
-5.10254
-5.0293
-4.95605
-4.86328
-4.77051
-4.64355
-4.50684
-4.36035
-4.2041
-4.02832
-3.84766
-3.65234
-3.44238
-3.22266
-3.0127
-2.77344
-2.54395
-2.2998
-2.05078
-1.80176
-1.54785
-1.29883
-1.03516
-0.776367
-0.512695
-0.253906
0.00976563
0.268555
0.532227
0.791016
1.04492
1.30371
1.55273
1.80664
2.0459
2.29492
2.5293
2.75879
2.98828
3.20801
3.41309
3.61328
3.80371
3.97949
4.14551
4.29199
4.43848
4.56543
4.68262
4.77539
4.8584
4.93164
4.99512
5.04395
5.08789
5.11719
5.1416
5.1709
5.16113
5.1416
5.10742
5.06836
5.02441
4.9707
4.91211
4.82422
4.73145
4.62891
4.50195
4.36523
4.20898
4.05273
3.87695
3.67676
3.47656
3.27148
3.05176
2.81738
2.58789
2.34863
2.10938
1.86035
1.60645
1.35742
1.09375
0.834961
0.571289
0.3125
0.0390625
-0.219727
-0.483398
-0.756836
-1.01563
-1.26953
-1.52832
-1.79199
-2.03125
-2.28027
-2.51953
-2.76367
-2.99316
-3.21289
-3.43262
-3.6377
-3.82813
-4.01367
-4.18457
-4.35059
-4.49707
-4.63379
-4.74609
-4.85352
-4.94629
-5.01953
-5.09277
-5.14648
-5.18555
-5.22949
-5.24902
-5.26855
-5.2832
-5.25879
-5.23926
-5.20996
-5.16602
-5.1123
-5.06348
-4.99023
-4.89258
-4.7998
-4.68262
-4.56055
-4.41406
-4.25781
-4.08691
-3.91113
-3.71094
-3.51563
-3.30566
-3.08594
-2.85645
-2.61719
-2.3877
-2.13379
-1.88477
-1.63086
-1.38184
-1.13281
-0.869141
-0.610352
-0.34668
-0.0878906
0.175781
0.43457
0.698242
0.957031
1.21094
1.46973
1.72363
1.96289
2.20215
2.45605
2.68555
2.91504
3.13477
3.34473
3.54004
3.74023
3.91602
4.09668
4.25293
4.39941
4.52148
4.63867
4.74121
4.83887
4.91211
4.9707
5.02441
5.06836
5.10742
5.13184
5.16113
5.16113
5.1416
5.11719
5.08789
5.04395
4.99512
4.93164
4.8584
4.76563
4.6582
4.5459
4.40918
4.2627
4.10645
3.92578
3.75
3.5498
3.34473
3.13477
2.90527
2.67578
2.44141
2.19238
1.95313
1.68945
1.44043
1.19141
0.927734
0.668945
0.405273
0.131836
-0.126953
-0.400391
-0.649414
-0.922852
-1.17188
-1.43555
-1.69434
-1.94824
-2.19727
-2.43652
-2.67578
-2.91016
-3.13965
-3.35938
-3.55469
-3.76465
-3.94531
-4.13086
-4.29688
-4.44336
-4.58984
-4.7168
-4.81934
-4.91699
-5
-5.07324
-5.12207
-5.17578
-5.20996
-5.23926
-5.25879
-5.2832
-5.26855
-5.24902
-5.20996
-5.17578
-5.13672
-5.07324
-5.00977
-4.92676
-4.8291
-4.72656
-4.59961
-4.46777
-4.30664
-4.15039
-3.97461
-3.78418
-3.58887
-3.37891
-3.15918
-2.92969
-2.7002
-2.4707
-2.2168
-1.97754
-1.71875
-1.46484
-1.21582
-0.952148
-0.693359
-0.429688
-0.170898
0.0927734
0.351563
0.615234
0.864258
1.12793
1.37695
1.62598
1.87988
2.12891
2.36816
2.60254
2.83203
3.06152
3.27148
3.4668
3.67676
3.85254
4.0332
4.19922
4.3457
4.48242
4.60938
4.71191
4.80469
4.8877
4.95117
5.01465
5.05859
5.09766
5.13184
5.15137
5.1709
5.15137
5.13184
5.09766
5.05859
5.01465
4.95117
4.87793
4.80469
4.70215
4.58496
4.46289
4.31641
4.16992
3.99902
3.81348
3.62305
3.42773
3.20801
2.98828
2.75879
2.5293
2.28516
2.03613
1.78711
1.5332
1.27441
1.01074
0.751953
0.488281
0.229492
-0.0439453
-0.307617
-0.566406
-0.830078
-1.08887
-1.33789
-1.60156
-1.85059
-2.10449
-2.35352
-2.59277
-2.82227
-3.05664
-3.27637
-3.49121
-3.69141
-3.8916
-4.06738
-4.2334
-4.39453
-4.54102
-4.67285
-4.79004
-4.88281
-4.97559
-5.03906
-5.10254
-5.15625
-5.19531
-5.22949
-5.25879
-5.26855
-5.26855
-5.24902
-5.22949
-5.19531
-5.15625
-5.10254
-5.03906
-4.95605
-4.86328
-4.77051
-4.64355
-4.5166
-4.36035
-4.2041
-4.03809
-3.84766
-3.65234
-3.44238
-3.23242
-3.0127
-2.7832
-2.55371
-2.31445
-2.06055
-1.81152
-1.55762
-1.30859
-1.0498
-0.786133
-0.527344
-0.263672
0
0.258789
0.522461
0.78125
1.03027
1.29395
1.54297
1.79688
2.0459
2.28516
2.51465
2.75879
2.97852
3.19824
3.40332
3.60352
3.79395
3.96973
4.13574
4.29199
4.42871
4.56543
4.68262
4.77539
4.8584
4.93164
4.99512
5.04395
5.08789
5.11719
5.1416
5.16113
5.16113
5.1416
5.10742
5.07813
5.02441
4.9707
4.91211
4.82422
4.73145
4.62891
4.50195
4.36523
4.21875
4.05273
3.87695
3.68652
3.50098
3.28125
3.07129
2.8418
2.60254
2.36816
2.11914
1.87012
1.61621
1.36719
1.10352
0.844727
0.581055
0.322266
0.0585938
-0.209961
-0.473633
-0.732422
-1.00586
-1.25488
-1.50879
-1.76758
-2.02148
-2.26074
-2.50977
-2.74902
-2.9834
-3.20313
-3.41797
-3.61816
-3.82813
-4.00391
-4.18457
-4.34082
-4.4873
-4.62402
-4.74609
-4.85352
-4.93652
-5.01953
-5.08301
-5.14648
-5.18555
-5.21973
-5.24902
-5.26855
-5.2832
-5.26855
-5.23926
-5.20996
-5.16602
-5.1123
-5.06348
-4.99023
-4.90234
-4.7998
-4.68262
-4.56055
-4.42383
-4.26758
-4.10156
-3.91113
-3.72559
-3.51563
-3.31543
-3.0957
-2.86621
-2.63672
-2.39746
-2.14355
-1.89453
-1.64551
-1.3916
-1.13281
-0.878906
-0.620117
-0.356445
-0.0976563
0.166016
0.424805
0.688477
0.947266
1.20117
1.45996
1.71387
1.96289
2.20215
2.44141
2.67578
2.90527
3.125
3.33008
3.54004
3.73047
3.91602
4.08203
4.24316
4.38965
4.52148
4.63867
4.74121
4.83887
4.91211
4.9707
5.02441
5.07813
5.10742
5.13184
5.16113
5.1709
5.1416
5.11719
5.08789
5.04395
4.99512
4.93164
4.8584
4.77539
4.66797
4.55566
4.41895
4.27246
4.11621
3.94043
3.75977
3.5498
3.35449
3.13477
2.91504
2.68555
2.44141
2.20215
1.95313
1.69922
1.4502
1.20117
0.927734
0.678711
0.415039
0.141602
-0.117188
-0.380859
-0.649414
-0.913086
-1.17188
-1.43555
-1.68457
-1.93848
-2.1875
-2.42676
-2.66602
-2.89551
-3.13965
-3.34473
-3.55469
-3.76465
-3.94531
-4.12109
-4.28711
-4.44336
-4.58008
-4.70703
-4.81934
-4.91699
-5
-5.06348
-5.12207
-5.17578
-5.20996
-5.23926
-5.26855
-5.2832
-5.26855
-5.24902
-5.21973
-5.18555
-5.13672
-5.07324
-5.00977
-4.93652
-4.84375
-4.72656
-4.59961
-4.46777
-4.32129
-4.15039
-3.97461
-3.79883
-3.59863
-3.37891
-3.15918
-2.93945
-2.70996
-2.4707
-2.22656
-1.97754
-1.72852
-1.47461
-1.21582
-0.961914
-0.703125
-0.439453
-0.180664
0.0830078
0.341797
0.605469
0.864258
1.11816
1.37695
1.62598
1.87012
2.11914
2.3584
2.58789
2.83203
3.05176
3.25684
3.4668
3.66699
3.85254
4.0332
4.18945
4.3457
4.48242
4.59473
4.71191
4.80469
4.87793
4.95117
5.00488
5.05859
5.09766
5.13184
5.15137
5.1709
5.15137
5.13184
5.09766
5.05859
5.01465
4.95117
4.8877
4.80469
4.70215
4.58496
4.46289
4.32617
4.16992
3.99902
3.82324
3.62305
3.42773
3.20801
2.98828
2.75879
2.5293
2.28516
2.03613
1.79688
1.5332
1.28418
1.02051
0.761719
0.498047
0.239258
-0.0341797
-0.292969
-0.556641
-0.830078
-1.08887
-1.33789
-1.60156
-1.85059
-2.10449
-2.35352
-2.59277
-2.82227
-3.05664
-3.27637
-3.48145
-3.69141
-3.88184
-4.06738
-4.2334
-4.39453
-4.54102
-4.66309
-4.78027
-4.88281
-4.96582
-5.04883
-5.10254
-5.15625
-5.19531
-5.22949
-5.25879
-5.2832
-5.26855
-5.25879
-5.22949
-5.19531
-5.15625
-5.10254
-5.0293
-4.95605
-4.87305
-4.77051
-4.65332
-4.5166
-4.37012
-4.21387
-4.03809
-3.84766
-3.66211
-3.45215
-3.23242
-3.0127
-2.7832
-2.55371
-2.31445
-2.06055
-1.81152
-1.55762
-1.30859
-1.0498
-0.795898
-0.537109
-0.273438
-0.0146484
0.249023
0.507813
0.771484
1.03027
1.29395
1.5332
1.79688
2.03613
2.27539
2.51465
2.74414
2.96387
3.18359
3.39355
3.60352
3.79395
3.96973
4.13574
4.29199
4.42871
4.55566
4.68262
4.77539
4.8584
4.93164
4.99512
5.04395
5.07813
5.11719
5.1416
5.16113
5.16113
5.1416
5.10742
5.07813
5.02441
4.9707
4.91211
4.83887
4.74121
4.62891
4.51172
4.375
4.21875
4.05273
3.88672
3.68652
3.50098
3.28125
3.06152
2.8418
2.60254
2.36816
2.11914
1.87012
1.61621
1.36719
1.10352
0.844727
0.581055
0.322266
0.0585938
-0.209961
-0.473633
-0.742188
-0.996094
-1.25488
-1.51855
-1.76758
-2.02148
-2.26074
-2.50977
-2.73926
-2.9834
-3.20313
-3.41797
-3.62793
-3.82813
-4.00391
-4.18457
-4.35059
-4.4873
-4.62402
-4.74609
-4.85352
-4.93652
-5.01953
-5.08301
-5.14648
-5.18555
-5.21973
-5.24902
-5.26855
-5.2832
-5.25879
-5.23926
-5.20996
-5.16602
-5.1123
-5.06348
-4.99023
-4.89258
-4.7998
-4.68262
-4.56055
-4.42383
-4.26758
-4.10156
-3.91113
-3.72559
-3.52539
-3.30566
-3.0957
-2.86621
-2.62695
-2.3877
-2.14355
-1.9043
-1.64551
-1.3916
-1.14258
-0.878906
-0.620117
-0.356445
-0.0976563
0.166016
0.424805
0.688477
0.947266
1.21094
1.45996
1.71387
1.96289
2.20215
2.44141
2.67578
2.90527
3.125
3.33008
3.54004
3.73047
3.91602
4.08203
4.24316
4.38965
4.51172
4.63867
4.74121
4.82422
4.91211
4.9707
5.02441
5.06836
5.09766
5.1416
5.15137
5.1709
5.15137
5.11719
5.08789
5.04395
4.99512
4.93164
4.8584
4.77539
4.66797
4.55566
4.41895
4.27246
4.11621
3.9502
3.75977
3.55957
3.35449
3.14453
2.91504
2.68555
2.45605
2.20215
1.96289
1.71387
1.45996
1.20117
0.9375
0.678711
0.415039
0.15625
-0.117188
-0.380859
-0.639648
-0.90332
-1.17188
-1.42578
-1.68457
-1.93848
-2.17773
-2.42676
-2.66602
-2.89551
-3.12988
-3.34473
-3.55469
-3.75488
-3.94531
-4.12109
-4.28711
-4.44336
-4.58008
-4.70703
-4.81934
-4.91699
-4.99023
-5.06348
-5.12207
-5.17578
-5.20996
-5.23926
-5.26855
-5.2832
-5.26855
-5.24902
-5.21973
-5.18555
-5.13672
-5.08301
-5.00977
-4.93652
-4.84375
-4.72656
-4.61426
-4.47754
-4.32129
-4.15039
-3.98438
-3.79883
-3.59863
-3.38867
-3.16895
-2.94922
-2.71973
-2.48047
-2.22656
-1.9873
-1.73828
-1.47461
-1.22559
-0.961914
-0.712891
-0.454102
-0.19043
0.0830078
0.332031
0.605469
0.864258
1.11816
1.36719
1.61621
1.87012
2.11914
2.3584
2.58789
2.81738
3.03711
3.25684
3.4668
3.66699
3.84277
4.02344
4.18945
4.33594
4.47266
4.59473
4.71191
4.80469
4.87793
4.95117
5.01465
5.05859
5.09766
5.13184
5.15137
5.1709
5.16113
5.13184
5.09766
5.06836
5.01465
4.96094
4.8877
4.80469
4.71191
4.59473
4.47266
4.32617
4.17969
4.01367
3.82324
3.63281
3.42773
3.21777
2.99805
2.76855
2.53906
2.29492
2.0459
1.79688
1.54297
1.29395
1.03027
0.771484
0.498047
0.239258
-0.0244141
-0.283203
-0.556641
-0.81543
-1.0791
-1.33789
-1.5918
-1.84082
-2.09473
-2.34375
-2.58301
-2.8125
-3.04199
-3.26172
-3.48145
-3.68164
-3.87207
-4.05762
-4.22363
-4.39453
-4.52637
-4.66309
-4.78027
-4.87305
-4.96582
-5.03906
-5.10254
-5.15625
-5.19531
-5.22949
-5.25879
-5.26855
-5.26855
-5.25879
-5.22949
-5.19531
-5.15625
-5.10254
-5.03906
-4.95605
-4.87305
-4.77051
-4.65332
-4.5166
-4.37012
-4.21387
-4.03809
-3.85742
-3.66211
-3.46191
-3.24219
-3.02246
-2.79297
-2.55371
-2.32422
-2.07031
-1.82129
-1.57227
-1.30859
-1.05957
-0.795898
-0.537109
-0.273438
-0.0146484
0.249023
0.507813
0.771484
1.03027
1.28418
1.5332
1.78711
2.03613
2.27539
2.51465
2.73438
2.96387
3.18359
3.40332
3.59375
3.79395
3.96973
4.13574
4.29199
4.42871
4.55566
4.66797
4.77539
4.8584
4.93164
4.99512
5.04395
5.07813
5.11719
5.1416
5.16113
5.16113
5.1416
5.10742
5.07813
5.03418
4.9707
4.91211
4.83887
4.74121
4.63867
4.51172
4.375
4.22852
4.0625
3.88672
3.69629
3.50098
3.30078
3.07129
2.8418
2.62207
2.38281
2.12891
1.87988
1.62598
1.37695
1.12793
0.864258
0.595703
0.332031
0.0683594
-0.19043
-0.463867
-0.722656
-0.986328
-1.24512
-1.50879
-1.75781
-2.00684
-2.26074
-2.5
-2.72949
-2.96875
-3.18848
-3.4082
-3.61816
-3.80859
-3.99414
-4.1748
-4.34082
-4.4873
-4.62402
-4.73633
-4.85352
-4.93652
-5.01953
-5.08301
-5.14648
-5.18555
-5.21973
-5.23926
-5.26855
-5.2832
-5.26855
-5.23926
-5.20996
-5.16602
-5.12207
-5.06348
-4.99023
-4.90234
-4.80957
-4.69727
-4.57031
-4.43359
-4.26758
-4.10156
-3.9209
-3.73535
-3.52539
-3.31543
-3.10547
-2.87598
-2.64648
-2.40723
-2.15332
-1.91406
-1.66504
-1.40137
-1.15234
-0.888672
-0.629883
-0.366211
-0.107422
0.15625
0.415039
0.678711
0.9375
1.19141
1.4502
1.68945
1.94336
2.19238
2.43164
2.66113
2.88086
3.11035
3.32031
3.52051
3.7207
3.90625
4.07227
4.22852
4.375
4.51172
4.62891
4.73145
4.82422
4.91211
4.9707
5.02441
5.06836
5.09766
5.13184
5.15137
5.1709
5.15137
5.11719
5.08789
5.04395
5.00488
4.93164
4.86816
4.77539
4.68262
4.55566
4.42871
4.28223
4.12598
3.9502
3.76953
3.57422
3.36426
3.1543
2.9248
2.70508
2.46582
2.21191
1.97266
1.72363
1.45996
1.21094
0.947266
0.688477
0.424805
0.166016
-0.107422
-0.366211
-0.629883
-0.888672
-1.15234
-1.41113
-1.66504
-1.92383
-2.16797
-2.41699
-2.65625
-2.88574
-3.11523
-3.33496
-3.54492
-3.74512
-3.93066
-4.11133
-4.27734
-4.43359
-4.57031
-4.69727
-4.80957
-4.90234
-4.99023
-5.06348
-5.12207
-5.16602
-5.20996
-5.23926
-5.25879
-5.2832
-5.26855
-5.24902
-5.21973
-5.18555
-5.14648
-5.08301
-5.01953
-4.93652
-4.84375
-4.72656
-4.61426
-4.47754
-4.33105
-4.16016
-3.98438
-3.80859
-3.59863
-3.38867
-3.17871
-2.94922
-2.71973
-2.49023
-2.25098
-1.99707
-1.74805
-1.49902
-1.23535
-0.976563
-0.722656
-0.463867
-0.200195
0.0585938
0.322266
0.581055
0.844727
1.10352
1.35742
1.60645
1.86035
2.09961
2.34863
2.57813
2.80762
3.02734
3.24707
